"Prevalence of schistosomiasis by age group vs. time (d)","","","","","","","Prevalence of malaria by age group vs. time (d)","","","","","","","Prevalence of coinfection by age group vs. time (d)"
"Time (d)","0-4 y/o","5-15 y/o","16+ y/o","All","","","Time (d)","0-4 y/o","5-15 y/o","16+ y/o","All","","","Time (d)","0-4 y/o","5-15 y/o","16+ y/o","All"
0,0.44848901098900956,0.4615057422373428,0.44407345575960516,0.45000000000000195,"","",0,0.004807692307692308,0.005529561888558061,0.010732172668733598,0.008124999999999997,"","",0,0.0020604395604395605,0.0034028073160357296,0.005723825423324591,0.004375000000000002
1,0.44848901098900956,0.4615057422373428,0.44407345575960516,0.45000000000000195,"","",1,0.016483516483516477,0.013611229264142927,0.019317910803720483,0.017125,"","",1,0.0103021978021978,0.008507018290089327,0.011209158120677312,0.010249999999999997
2,0.44848901098900956,0.4615057422373428,0.44407345575960516,0.45000000000000195,"","",2,0.024038461538461543,0.02169289663972779,0.030288576198425992,0.026625000000000027,"","",2,0.015109890109890103,0.014036580178647394,0.019079418077748624,0.016875
3,0.44848901098900956,0.4615057422373428,0.44407345575960516,0.45000000000000195,"","",3,0.03571428571428571,0.03190131858783499,0.03648938707369432,0.035000000000000045,"","",3,0.019917582417582416,0.02041684389621439,0.022656808967326508,0.02150000000000001
4,0.44848901098900956,0.4615057422373428,0.44407345575960516,0.45000000000000195,"","",4,0.04601648351648348,0.039557635048915324,0.04292869067493451,0.04250000000000004,"","",4,0.026098901098901107,0.025095703955763524,0.026949678034819968,0.02625000000000002
5,0.44848901098900956,0.4615057422373428,0.44407345575960516,0.45000000000000195,"","",5,0.054945054945054875,0.047639302424500124,0.045790603386596816,0.048000000000000015,"","",5,0.03090659340659342,0.028923862186303724,0.02885761984259484,0.02925000000000003
6,0.44848901098900956,0.4615057422373428,0.44407345575960516,0.45000000000000195,"","",6,0.05563186813186806,0.051892811569544756,0.04674457429048425,0.04987500000000001,"","",6,0.030219780219780234,0.03232666950233945,0.029811590746482274,0.030625000000000027
7,0.44848901098900956,0.4615057422373428,0.44407345575960516,0.45000000000000195,"","",7,0.05700549450549443,0.05529561888558046,0.04459813975673752,0.05,"","",7,0.029532967032967046,0.03530412590387069,0.027188170760791826,0.03000000000000002
8,0.44848901098900956,0.4615057422373428,0.44407345575960516,0.45000000000000195,"","",8,0.05769230769230761,0.055720969800084924,0.0493679942761747,0.052750000000000005,"","",8,0.032967032967032975,0.03530412590387069,0.030288576198425992,0.03225000000000002
9,0.44848901098900956,0.4615057422373428,0.44407345575960516,0.45000000000000195,"","",9,0.0624999999999999,0.061250531688642945,0.05389935606964002,0.057625,"","",9,0.0364010989010989,0.03913228413441086,0.03410445981397573,0.03600000000000001
10,0.44848901098900956,0.4615057422373428,0.44407345575960516,0.45000000000000195,"","",10,0.06181318681318672,0.06422798809017419,0.05389935606964002,0.058375,"","",10,0.03502747252747253,0.04083368779242871,0.033150488910088295,0.03575000000000001
11,0.44848901098900956,0.4615057422373428,0.44407345575960516,0.45000000000000195,"","",11,0.06868131868131856,0.06720544449170543,0.05843071786310534,0.062875,"","",11,0.03708791208791208,0.04338579327945549,0.03648938707369432,0.038625000000000013
12,0.44848901098900956,0.4615057422373428,0.44407345575960516,0.45000000000000195,"","",12,0.07074175824175812,0.06890684814972328,0.06415454328642994,0.06675,"","",12,0.040521978021978,0.043811144193959956,0.04030527068924406,0.04137500000000002
13,0.44848901098900956,0.4615057422373428,0.44407345575960516,0.45000000000000195,"","",13,0.07211538461538448,0.07230965546575899,0.06606248509420481,0.069,"","",13,0.03983516483516482,0.04551254785197781,0.041736227045075215,0.042500000000000024
14,0.44848901098900956,0.4615057422373428,0.44407345575960516,0.45000000000000195,"","",14,0.07417582417582404,0.07486176095278577,0.06582399236823296,0.07,"","",14,0.040521978021978,0.04721395150999566,0.04030527068924406,0.04237500000000002
15,0.44848901098900956,0.4615057422373428,0.44407345575960516,0.45000000000000195,"","",15,0.0803571428571427,0.07528711186729023,0.06797042690197969,0.07237499999999998,"","",15,0.045329670329670294,0.046363249680986734,0.04292869067493451,0.04437500000000002
16,0.44848901098900956,0.4615057422373428,0.44407345575960516,0.45000000000000195,"","",16,0.07692307692307677,0.08081667375584825,0.07178631051752943,0.075375,"","",16,0.042582417582417556,0.04891535516801351,0.04483663248270938,0.04562500000000002
17,0.44848901098900956,0.4615057422373428,0.44407345575960516,0.45000000000000195,"","",17,0.08241758241758225,0.08081667375584825,0.07393274505127616,0.07749999999999999,"","",17,0.04326923076923074,0.04849000425350905,0.04435964703076566,0.04537500000000001
18,0.44848901098900956,0.4615057422373428,0.44407345575960516,0.45000000000000195,"","",18,0.08241758241758225,0.08421948107188396,0.072501788695445,0.07774999999999997,"","",18,0.042582417582417556,0.05146746065504029,0.044121154304793804,0.04600000000000001
19,0.44848901098900956,0.4615057422373428,0.44407345575960516,0.45000000000000195,"","",19,0.08104395604395588,0.08847299021692859,0.0736942523253043,0.07937499999999997,"","",19,0.04120879120879119,0.053168864313058145,0.04459813975673752,0.046500000000000014
20,0.44848901098900956,0.4615057422373428,0.44407345575960516,0.45000000000000195,"","",20,0.0844780219780218,0.09102509570395537,0.07607917958502289,0.08199999999999998,"","",20,0.04189560439560437,0.056997022543598314,0.045790603386596816,0.04837500000000001
21,0.44848901098900956,0.4615057422373428,0.44407345575960516,0.45000000000000195,"","",21,0.09409340659340638,0.09017439387494644,0.07727164321488218,0.08412499999999998,"","",21,0.04807692307692303,0.054870267971076,0.04746005246839983,0.049750000000000016
22,0.44848901098900956,0.4615057422373428,0.44407345575960516,0.45000000000000195,"","",22,0.10096153846153823,0.09612930667800892,0.08108752683043192,0.08912499999999997,"","",22,0.053571428571428506,0.0582730752871117,0.0493679942761747,0.05275
23,0.44848901098900956,0.4615057422373428,0.44407345575960516,0.45000000000000195,"","",23,0.1064560439560437,0.09740535942152231,0.08561888862389724,0.09287499999999997,"","",23,0.05563186813186806,0.058698426201616166,0.05079895063200585,0.054
24,0.44848901098900956,0.4615057422373428,0.44407345575960516,0.45000000000000195,"","",24,0.10851648351648326,0.10080816673755802,0.08752683043167211,0.09524999999999997,"","",24,0.05700549450549443,0.06039982985963402,0.05199141426186515,0.055375
25,0.44848901098900956,0.4615057422373428,0.44407345575960516,0.45000000000000195,"","",25,0.10714285714285689,0.10123351765206248,0.08919627951347513,0.09599999999999997,"","",25,0.05700549450549443,0.05912377711612063,0.05389935606964002,0.056000000000000015
26,0.44848901098900956,0.4615057422373428,0.44407345575960516,0.45000000000000195,"","",26,0.10508241758241733,0.10633772862611604,0.09110422132125,0.09812499999999996,"","",26,0.054945054945054875,0.05912377711612063,0.054376341521583736,0.055875000000000015
27,0.44848901098900956,0.4615057422373428,0.44407345575960516,0.45000000000000195,"","",27,0.10370879120879097,0.1033602722245848,0.09277367040305301,0.09787499999999998,"","",27,0.05288461538461532,0.05614632071458939,0.05556880515144303,0.05525000000000003
28,0.44848901098900956,0.4615057422373428,0.44407345575960516,0.45000000000000195,"","",28,0.10096153846153823,0.1067630795406205,0.0951585976627716,0.09962499999999998,"","",28,0.05219780219780214,0.0582730752871117,0.056999761507274184,0.05650000000000002
29,0.44848901098900956,0.4615057422373428,0.44407345575960516,0.45000000000000195,"","",29,0.10439560439560415,0.10548702679710711,0.10088242308609621,0.10287499999999998,"","",29,0.053571428571428506,0.0582730752871117,0.061054137848795785,0.05887500000000003
30,0.44848901098900956,0.4615057422373428,0.44407345575960516,0.45000000000000195,"","",30,0.11195054945054918,0.1067630795406205,0.10374433579775852,0.10612499999999998,"","",30,0.056318681318681243,0.059974478945129556,0.06248509420462694,0.060625000000000026
31,0.44848901098900956,0.4615057422373428,0.44407345575960516,0.45000000000000195,"","",31,0.11675824175824147,0.1033602722245848,0.10708323396136454,0.10775,"","",31,0.059752747252747165,0.0582730752871117,0.06343906510851437,0.06125000000000003
32,0.44848901098900956,0.4615057422373428,0.44407345575960516,0.45000000000000195,"","",32,0.1195054945054942,0.10293492131008034,0.11113761030288614,0.11025,"","",32,0.06043956043956035,0.05912377711612063,0.06582399236823296,0.06287500000000004
33,0.44848901098900956,0.4615057422373428,0.44407345575960516,0.45000000000000195,"","",33,0.12293956043956013,0.10548702679710711,0.1154304793703796,0.11387500000000002,"","",33,0.06318681318681309,0.05954912803062509,0.06916289053183898,0.06525000000000004
34,0.44848901098900956,0.4615057422373428,0.44407345575960516,0.45000000000000195,"","",34,0.12225274725274694,0.10931518502764728,0.11519198664440775,0.11475,"","",34,0.061126373626373534,0.061250531688642945,0.06868590507989526,0.06512500000000003
35,0.44848901098900956,0.4615057422373428,0.44407345575960516,0.45000000000000195,"","",35,0.12156593406593376,0.11399404508719638,0.11924636298592935,0.118125,"","",35,0.06181318681318672,0.06380263717566972,0.0696398759837827,0.06650000000000003
36,0.44848901098900956,0.4615057422373428,0.44407345575960516,0.45000000000000195,"","",36,0.11881868131868102,0.11527009783070977,0.1218697829716198,0.119375,"","",36,0.061126373626373534,0.06720544449170543,0.07202480324350129,0.06862500000000003
37,0.44848901098900956,0.4615057422373428,0.44407345575960516,0.45000000000000195,"","",37,0.12087912087912057,0.11654615057422316,0.1235392320534228,0.121,"","",37,0.0624999999999999,0.06720544449170543,0.07274028142141686,0.06925000000000003
38,0.44848901098900956,0.4615057422373428,0.44407345575960516,0.45000000000000195,"","",38,0.12019230769230739,0.11186729051467406,0.12449320295731024,0.12000000000000001,"","",38,0.0624999999999999,0.0629519353466608,0.07345575959933244,0.06837500000000005
39,0.44848901098900956,0.4615057422373428,0.44407345575960516,0.45000000000000195,"","",39,0.12293956043956013,0.1161207996597187,0.12950155020271903,0.12437499999999989,"","",39,0.06593406593406582,0.06720544449170543,0.07536370140710731,0.07125000000000002
40,0.44848901098900956,0.4615057422373428,0.44407345575960516,0.45000000000000195,"","",40,0.12362637362637331,0.11782220331773655,0.12974004292869087,0.12512499999999988,"","",40,0.06662087912087901,0.06805614632071436,0.07560219413307917,0.07175000000000002
41,0.44848901098900956,0.4615057422373428,0.44407345575960516,0.45000000000000195,"","",41,0.12706043956043925,0.11356869417269191,0.13188647746243748,0.12562499999999982,"","",41,0.06662087912087901,0.06465333900467865,0.07631767231099475,0.07112500000000005
42,0.44848901098900956,0.4615057422373428,0.44407345575960516,0.45000000000000195,"","",42,0.12568681318681288,0.11782220331773655,0.13427140472215593,0.12787499999999974,"","",42,0.06456043956043946,0.06678009357720097,0.07703315048891032,0.07175000000000002
43,0.44848901098900956,0.4615057422373428,0.44407345575960516,0.45000000000000195,"","",43,0.12774725274725243,0.1195236069757544,0.1335559265442404,0.12837499999999977,"","",43,0.06524725274725264,0.06763079540620989,0.07584068685905103,0.07150000000000002
44,0.44848901098900956,0.4615057422373428,0.44407345575960516,0.45000000000000195,"","",44,0.12980769230769199,0.1229264142917901,0.135702361077987,0.13087499999999969,"","",44,0.06524725274725264,0.06933219906422775,0.07607917958502289,0.07212500000000002
45,0.44848901098900956,0.4615057422373428,0.44407345575960516,0.45000000000000195,"","",45,0.13049450549450517,0.12207571246278118,0.13761030288576176,0.13174999999999965,"","",45,0.06593406593406582,0.06848149723521882,0.07727164321488218,0.07262500000000002
46,0.44848901098900956,0.4615057422373428,0.44407345575960516,0.45000000000000195,"","",46,0.13530219780219746,0.1263292216078258,0.13689482470784622,0.13349999999999965,"","",46,0.06936813186813175,0.06933219906422775,0.07727164321488218,0.07350000000000002
47,0.44848901098900956,0.4615057422373428,0.44407345575960516,0.45000000000000195,"","",47,0.14079670329670294,0.1276052743513392,0.13808728833770545,0.1354999999999996,"","",47,0.07348901098901085,0.06890684814972328,0.07917958502265705,0.07512500000000003
48,0.44848901098900956,0.4615057422373428,0.44407345575960516,0.45000000000000195,"","",48,0.13942307692307657,0.1322841344108883,0.14548056284283264,0.14049999999999938,"","",48,0.07211538461538448,0.07145895363675006,0.08275697591223494,0.07750000000000003
49,0.44848901098900956,0.4615057422373428,0.44407345575960516,0.45000000000000195,"","",49,0.13667582417582383,0.13398553806890615,0.14333412830908604,0.13937499999999944,"","",49,0.06799450549450538,0.06975754997873221,0.08227999046029122,0.07600000000000004
50,0.44848901098900956,0.4615057422373428,0.44407345575960516,0.45000000000000195,"","",50,0.13942307692307657,0.13611229264142846,0.14333412830908604,0.14049999999999943,"","",50,0.06799450549450538,0.07145895363675006,0.08251848318626308,0.07662500000000003
51,0.44848901098900956,0.4615057422373428,0.44407345575960516,0.45000000000000195,"","",51,0.14560439560439523,0.13738834538494185,0.14905795373241032,0.14499999999999927,"","",51,0.06936813186813175,0.07188430455125452,0.08633436680181282,0.07900000000000004
52,0.44848901098900956,0.4615057422373428,0.44407345575960516,0.45000000000000195,"","",52,0.1462912087912084,0.13951509995746417,0.1500119246362977,0.14624999999999927,"","",52,0.06936813186813175,0.07273500638026345,0.0858573813498691,0.07900000000000004
53,0.44848901098900956,0.4615057422373428,0.44407345575960516,0.45000000000000195,"","",53,0.14972527472527433,0.14164185452998648,0.14619604102074818,0.14549999999999938,"","",53,0.06936813186813175,0.07401105912377684,0.08514190317195353,0.07900000000000004
54,0.44848901098900956,0.4615057422373428,0.44407345575960516,0.45000000000000195,"","",54,0.15178571428571389,0.14164185452998648,0.15072740281421323,0.14824999999999922,"","",54,0.07074175824175812,0.07401105912377684,0.08657285952778468,0.08000000000000003
55,0.44848901098900956,0.4615057422373428,0.44407345575960516,0.45000000000000195,"","",55,0.15178571428571389,0.14547001276052665,0.1543047937037909,0.1512499999999991,"","",55,0.07280219780219767,0.07783921735431701,0.08800381588361583,0.08225000000000003
56,0.44848901098900956,0.4615057422373428,0.44407345575960516,0.45000000000000195,"","",56,0.15247252747252707,0.15270097830710253,0.15502027188170645,0.15387499999999907,"","",56,0.07280219780219767,0.08421948107188396,0.08681135225375654,0.08350000000000002
57,0.44848901098900956,0.4615057422373428,0.44407345575960516,0.45000000000000195,"","",57,0.15453296703296662,0.15567843470863377,0.16026711185308704,0.15787499999999893,"","",57,0.07692307692307677,0.08634623564440627,0.09015025041736256,0.08662500000000004
58,0.44848901098900956,0.4615057422373428,0.44407345575960516,0.45000000000000195,"","",58,0.1600274725274721,0.15737983836665162,0.1686143572621016,0.16374999999999867,"","",58,0.08104395604395588,0.08677158655891073,0.09539709038874346,0.09025000000000002
59,0.44848901098900956,0.4615057422373428,0.44407345575960516,0.45000000000000195,"","",59,0.15865384615384573,0.16078264568268733,0.17004531361793268,0.16524999999999865,"","",59,0.08104395604395588,0.08932369204593751,0.0963510612926309,0.09150000000000003
60,0.44848901098900956,0.4615057422373428,0.44407345575960516,0.45000000000000195,"","",60,0.16620879120879076,0.16376010208421857,0.17219174815167929,0.16862499999999855,"","",60,0.08379120879120862,0.09145044661845983,0.0980205103744339,0.09350000000000003
61,0.44848901098900956,0.4615057422373428,0.44407345575960516,0.45000000000000195,"","",61,0.17170329670329623,0.16078264568268733,0.1764846172191725,0.17099999999999843,"","",61,0.08585164835164817,0.09017439387494644,0.10135940853803993,0.09525000000000003
62,0.44848901098900956,0.4615057422373428,0.44407345575960516,0.45000000000000195,"","",62,0.17445054945054897,0.1599319438536784,0.17720009539708803,0.17162499999999842,"","",62,0.08791208791208772,0.09017439387494644,0.10112091581206807,0.09550000000000003
63,0.44848901098900956,0.4615057422373428,0.44407345575960516,0.45000000000000195,"","",63,0.1778846153846149,0.1599319438536784,0.1760076317672288,0.17162499999999845,"","",63,0.08653846153846136,0.0871969374734152,0.10088242308609621,0.09425000000000003
64,0.44848901098900956,0.4615057422373428,0.44407345575960516,0.45000000000000195,"","",64,0.18337912087912037,0.16248404934070518,0.17934652993083464,0.17512499999999837,"","",64,0.08859890109890091,0.08847299021692859,0.1032673503458148,0.09625000000000004
65,0.44848901098900956,0.4615057422373428,0.44407345575960516,0.45000000000000195,"","",65,0.17994505494505444,0.16163334751169625,0.1812544717386094,0.1752499999999983,"","",65,0.08859890109890091,0.08592088472990181,0.10231337944192737,0.09500000000000003
66,0.44848901098900956,0.4615057422373428,0.44407345575960516,0.45000000000000195,"","",66,0.17925824175824126,0.1667375584857498,0.18363939899832785,0.1778749999999982,"","",66,0.09065934065934046,0.08932369204593751,0.1032673503458148,0.09687500000000003
67,0.44848901098900956,0.4615057422373428,0.44407345575960516,0.45000000000000195,"","",67,0.17925824175824126,0.16758826031475874,0.18530884808013076,0.1789999999999982,"","",67,0.08997252747252728,0.08804763930242412,0.10398282852373038,0.09675000000000004
68,0.44848901098900956,0.4615057422373428,0.44407345575960516,0.45000000000000195,"","",68,0.17994505494505444,0.17056571671628998,0.18673980443596183,0.18074999999999813,"","",68,0.09271978021978002,0.09230114844746876,0.10517529215358967,0.09912500000000003
69,0.44848901098900956,0.4615057422373428,0.44407345575960516,0.45000000000000195,"","",69,0.18269230769230718,0.1726924712888123,0.1838778917242997,0.1803749999999982,"","",69,0.0934065934065932,0.09612930667800892,0.1020748867159555,0.09875
70,0.44848901098900956,0.4615057422373428,0.44407345575960516,0.45000000000000195,"","",70,0.18269230769230718,0.1726924712888123,0.18530884808013076,0.18112499999999818,"","",70,0.09409340659340638,0.09485325393449553,0.10279036489387108,0.09887500000000003
71,0.44848901098900956,0.4615057422373428,0.44407345575960516,0.45000000000000195,"","",71,0.18063186813186763,0.1726924712888123,0.1876937753398492,0.1819999999999981,"","",71,0.09065934065934046,0.09400255210548661,0.1044598139756741,0.09887500000000003
72,0.44848901098900956,0.4615057422373428,0.44407345575960516,0.45000000000000195,"","",72,0.18337912087912037,0.17524457677583907,0.18912473169568028,0.18399999999999803,"","",72,0.08997252747252728,0.09400255210548661,0.10469830670164595,0.09887500000000003
73,0.44848901098900956,0.4615057422373428,0.44407345575960516,0.45000000000000195,"","",73,0.18337912087912037,0.1794980859208837,0.1912711662294269,0.18637499999999796,"","",73,0.08997252747252728,0.09698000850701785,0.10708323396136454,0.10100000000000003
74,0.44848901098900956,0.4615057422373428,0.44407345575960516,0.45000000000000195,"","",74,0.17994505494505444,0.18034878774989263,0.19198664440734242,0.18637499999999796,"","",74,0.08997252747252728,0.09570395576350446,0.10756021941330826,0.10087500000000003
75,0.44848901098900956,0.4615057422373428,0.44407345575960516,0.45000000000000195,"","",75,0.18269230769230718,0.18247554232241495,0.1907941807774832,0.186874999999998,"","",75,0.09065934065934046,0.09783071033602678,0.10660624850942083,0.10112500000000003
76,0.44848901098900956,0.4615057422373428,0.44407345575960516,0.45000000000000195,"","",76,0.18543956043955992,0.18332624415142387,0.19103267350345504,0.18774999999999797,"","",76,0.08997252747252728,0.0986814121650357,0.10660624850942083,0.10125000000000003
77,0.44848901098900956,0.4615057422373428,0.44407345575960516,0.45000000000000195,"","",77,0.1861263736263731,0.18375159506592834,0.19198664440734242,0.18849999999999795,"","",77,0.08997252747252728,0.0986814121650357,0.10899117576913941,0.10250000000000002
78,0.44848901098900956,0.4615057422373428,0.44407345575960516,0.45000000000000195,"","",78,0.18887362637362584,0.18502764780944173,0.19437157166706087,0.19062499999999788,"","",78,0.09203296703296683,0.09910676307954017,0.10875268304316756,0.10287500000000002
79,0.44848901098900956,0.4615057422373428,0.44407345575960516,0.45000000000000195,"","",79,0.19162087912087858,0.1875797532964685,0.19794896255663855,0.19374999999999776,"","",79,0.09478021978021957,0.09995746490854909,0.10970665394705499,0.10412500000000002
80,0.44848901098900956,0.4615057422373428,0.44407345575960516,0.45000000000000195,"","",80,0.1868131868131863,0.1909825606125042,0.2046267588838502,0.19737499999999755,"","",80,0.09065934065934046,0.10123351765206248,0.11376103028857659,0.10587500000000002
81,0.44848901098900956,0.4615057422373428,0.44407345575960516,0.45000000000000195,"","",81,0.18887362637362584,0.19183326244151314,0.2046267588838502,0.19799999999999757,"","",81,0.09203296703296683,0.10208421948107141,0.11352253756260473,0.10625000000000002
82,0.44848901098900956,0.4615057422373428,0.44407345575960516,0.45000000000000195,"","",82,0.18475274725274674,0.1909825606125042,0.20629620796565312,0.1978749999999975,"","",82,0.08859890109890091,0.1033602722245848,0.11352253756260473,0.10600000000000002
83,0.44848901098900956,0.4615057422373428,0.44407345575960516,0.45000000000000195,"","",83,0.1861263736263731,0.1888558060399819,0.2072501788695405,0.1979999999999975,"","",83,0.08791208791208772,0.10208421948107141,0.11328404483663287,0.10537500000000002
84,0.44848901098900956,0.4615057422373428,0.44407345575960516,0.45000000000000195,"","",84,0.1902472527472522,0.19140791152700867,0.20915812067731526,0.20049999999999743,"","",84,0.08791208791208772,0.1033602722245848,0.11280705938468916,0.10550000000000002
85,0.44848901098900956,0.4615057422373428,0.44407345575960516,0.45000000000000195,"","",85,0.19299450549450495,0.18970650786899082,0.20844264249939973,0.20012499999999744,"","",85,0.09065934065934046,0.10208421948107141,0.1125685666587173,0.10550000000000002
86,0.44848901098900956,0.4615057422373428,0.44407345575960516,0.45000000000000195,"","",86,0.19574175824175769,0.18928115695448636,0.21082756975911818,0.20174999999999738,"","",86,0.09478021978021957,0.10038281582305356,0.11423801574052031,0.10662500000000003
87,0.44848901098900956,0.4615057422373428,0.44407345575960516,0.45000000000000195,"","",87,0.20054945054944998,0.19013185878349528,0.20963510612925895,0.20224999999999743,"","",87,0.09684065934065912,0.10208421948107141,0.11423801574052031,0.10750000000000003
88,0.44848901098900956,0.4615057422373428,0.44407345575960516,0.45000000000000195,"","",88,0.20260989010988953,0.19608677158655777,0.2124970188409211,0.20587499999999734,"","",88,0.10027472527472504,0.10506167588260265,0.11638445027426704,0.11012500000000003
89,0.44848901098900956,0.4615057422373428,0.44407345575960516,0.45000000000000195,"","",89,0.20604395604395545,0.19948957890259347,0.21321249701883663,0.20787499999999728,"","",89,0.10164835164835141,0.10506167588260265,0.11686143572621076,0.11062500000000003
90,0.44848901098900956,0.4615057422373428,0.44407345575960516,0.45000000000000195,"","",90,0.208104395604395,0.20076563164610686,0.21559742427855508,0.2098749999999972,"","",90,0.10370879120879097,0.10548702679710711,0.11709992845218262,0.11125000000000003
91,0.44848901098900956,0.4615057422373428,0.44407345575960516,0.45000000000000195,"","",91,0.2087912087912082,0.20331773713313364,0.2194133078941046,0.2127499999999971,"","",91,0.10302197802197778,0.10633772862611604,0.11996184116384492,0.11287500000000003
92,0.44848901098900956,0.4615057422373428,0.44407345575960516,0.45000000000000195,"","",92,0.20741758241758182,0.2084219481071872,0.22275220605771043,0.21574999999999703,"","",92,0.10164835164835141,0.10931518502764728,0.1206773193417605,0.11387500000000003
93,0.44848901098900956,0.4615057422373428,0.44407345575960516,0.45000000000000195,"","",93,0.20947802197802137,0.2037430880476381,0.22275220605771043,0.21474999999999703,"","",93,0.10164835164835141,0.10718843045512497,0.11972334843787306,0.11275000000000003
94,0.44848901098900956,0.4615057422373428,0.44407345575960516,0.45000000000000195,"","",94,0.208104395604395,0.2037430880476381,0.22442165513951334,0.21537499999999699,"","",94,0.10164835164835141,0.10803913228413389,0.12115430479370422,0.11375000000000003
95,0.44848901098900956,0.4615057422373428,0.44407345575960516,0.45000000000000195,"","",95,0.21359890109890048,0.20459378987664703,0.22489864059145703,0.21687499999999693,"","",95,0.10439560439560415,0.10974053594215175,0.12163129024564794,0.11500000000000003
96,0.44848901098900956,0.4615057422373428,0.44407345575960516,0.45000000000000195,"","",96,0.21634615384615322,0.20884729902169166,0.2241831624135415,0.21824999999999695,"","",96,0.1064560439560437,0.1148447469162053,0.1194848557119012,0.11575
97,0.44848901098900956,0.4615057422373428,0.44407345575960516,0.45000000000000195,"","",97,0.21840659340659277,0.2071458953636738,0.2263295969472881,0.21924999999999686,"","",97,0.10920329670329644,0.11356869417269191,0.12115430479370422,0.11675
98,0.44848901098900956,0.4615057422373428,0.44407345575960516,0.45000000000000195,"","",98,0.22046703296703232,0.20799659719268274,0.22609110422131626,0.2197499999999969,"","",98,0.11263736263736236,0.11399404508719638,0.12234676842356351,0.11812500000000001
99,0.44848901098900956,0.4615057422373428,0.44407345575960516,0.45000000000000195,"","",99,0.2218406593406587,0.21054870267970952,0.22871452420700655,0.22212499999999682,"","",99,0.11195054945054918,0.11314334325818745,0.1235392320534228,0.11837500000000001
100,0.44848901098900956,0.4615057422373428,0.44407345575960516,0.45000000000000195,"","",100,0.2218406593406587,0.21012335176520505,0.23086095874075316,0.22312499999999677,"","",100,0.111263736263736,0.11356869417269191,0.12425471023133838,0.11875000000000001
101,0.44848901098900956,0.4615057422373428,0.44407345575960516,0.45000000000000195,"","",101,0.2259615384615378,0.20757124627817827,0.2306224660147813,0.22299999999999676,"","",101,0.11263736263736236,0.11016588685665621,0.12497018840925396,0.11837500000000002
102,0.44848901098900956,0.4615057422373428,0.44407345575960516,0.45000000000000195,"","",102,0.2307692307692301,0.20757124627817827,0.23133794419269685,0.22424999999999676,"","",102,0.1153846153846151,0.10888983411314282,0.12449320295731024,0.11825000000000002
103,0.44848901098900956,0.4615057422373428,0.44407345575960516,0.45000000000000195,"","",103,0.23214285714285646,0.20927264993619613,0.23133794419269685,0.22499999999999676,"","",103,0.11401098901098873,0.11016588685665621,0.12449320295731024,0.11837500000000002
104,0.44848901098900956,0.4615057422373428,0.44407345575960516,0.45000000000000195,"","",104,0.23282967032966964,0.21012335176520505,0.23038397328880947,0.22487499999999677,"","",104,0.11469780219780192,0.11229264142917852,0.12282375387550723,0.11825000000000001
105,0.44848901098900956,0.4615057422373428,0.44407345575960516,0.45000000000000195,"","",105,0.234203296703296,0.2152275627392586,0.23133794419269685,0.2271249999999967,"","",105,0.11401098901098873,0.11441939600170084,0.12377772477939467,0.11925000000000001
106,0.44848901098900956,0.4615057422373428,0.44407345575960516,0.45000000000000195,"","",106,0.23351648351648283,0.216503615482772,0.23396136417838714,0.22874999999999665,"","",106,0.11263736263736236,0.11527009783070977,0.12640114476508504,0.12062499999999997
107,0.44848901098900956,0.4615057422373428,0.44407345575960516,0.45000000000000195,"","",107,0.2348901098901092,0.21735431731178093,0.2332458860004716,0.22887499999999666,"","",107,0.11057692307692281,0.1161207996597187,0.12520868113522582,0.119875
108,0.44848901098900956,0.4615057422373428,0.44407345575960516,0.45000000000000195,"","",108,0.23351648351648283,0.21863037005529432,0.2353923205342182,0.23012499999999658,"","",108,0.111263736263736,0.11654615057422316,0.12687813021702873,0.12099999999999997
109,0.44848901098900956,0.4615057422373428,0.44407345575960516,0.45000000000000195,"","",109,0.23626373626373556,0.21905572096979878,0.2363462914381056,0.2312499999999966,"","",109,0.11195054945054918,0.1161207996597187,0.12735511566897242,0.12124999999999994
110,0.44848901098900956,0.4615057422373428,0.44407345575960516,0.45000000000000195,"","",110,0.23626373626373556,0.2177796682262854,0.2353923205342182,0.23037499999999658,"","",110,0.11195054945054918,0.11569544874521423,0.12520868113522582,0.12
111,0.44848901098900956,0.4615057422373428,0.44407345575960516,0.45000000000000195,"","",111,0.23969780219780149,0.2199064227988077,0.23682327689004928,0.23237499999999658,"","",111,0.1153846153846151,0.11441939600170084,0.1256856665871695,0.1205
112,0.44848901098900956,0.4615057422373428,0.44407345575960516,0.45000000000000195,"","",112,0.2390109890109883,0.21905572096979878,0.2380157405199085,0.23262499999999653,"","",112,0.1153846153846151,0.1148447469162053,0.12759360839494427,0.12162499999999996
113,0.44848901098900956,0.4615057422373428,0.44407345575960516,0.45000000000000195,"","",113,0.24244505494505422,0.21863037005529432,0.24087765323157065,0.23462499999999648,"","",113,0.11744505494505465,0.11356869417269191,0.12950155020271903,0.1226249999999999
114,0.44848901098900956,0.4615057422373428,0.44407345575960516,0.45000000000000195,"","",114,0.2438186813186806,0.22160782645682556,0.24397805866920463,0.23737499999999637,"","",114,0.11675824175824147,0.1148447469162053,0.13212497018840932,0.12424999999999983
115,0.44848901098900956,0.4615057422373428,0.44407345575960516,0.45000000000000195,"","",115,0.24656593406593333,0.22415993194385234,0.24397805866920463,0.23862499999999634,"","",115,0.1195054945054942,0.11824755423224101,0.13450989744812777,0.12699999999999975
116,0.44848901098900956,0.4615057422373428,0.44407345575960516,0.45000000000000195,"","",116,0.24519230769230696,0.2233092301148434,0.2432625804912891,0.23774999999999635,"","",116,0.11881868131868102,0.1195236069757544,0.1335559265442404,0.12674999999999978
117,0.44848901098900956,0.4615057422373428,0.44407345575960516,0.45000000000000195,"","",117,0.24862637362637288,0.22415993194385234,0.2437395659432328,0.23887499999999637,"","",117,0.12087912087912057,0.1195236069757544,0.13236346291438117,0.1264999999999998
118,0.44848901098900956,0.4615057422373428,0.44407345575960516,0.45000000000000195,"","",118,0.2534340659340652,0.2233092301148434,0.24254710231337356,0.23887499999999637,"","",118,0.12293956043956013,0.1195236069757544,0.12974004292869087,0.12549999999999986
119,0.44848901098900956,0.4615057422373428,0.44407345575960516,0.45000000000000195,"","",119,0.25068681318681246,0.21863037005529432,0.24230860958740172,0.23687499999999642,"","",119,0.12362637362637331,0.11697150148872762,0.1283090865728598,0.12412499999999992
120,0.44848901098900956,0.4615057422373428,0.44407345575960516,0.45000000000000195,"","",120,0.2479395604395597,0.21437686091024968,0.24087765323157065,0.23437499999999648,"","",120,0.12087912087912057,0.11356869417269191,0.12687813021702873,0.12187499999999997
121,0.44848901098900956,0.4615057422373428,0.44407345575960516,0.45000000000000195,"","",121,0.25206043956043883,0.2152275627392586,0.2427855950393454,0.23637499999999642,"","",121,0.12362637362637331,0.1148447469162053,0.12807059384688796,0.12337499999999994
122,0.44848901098900956,0.4615057422373428,0.44407345575960516,0.45000000000000195,"","",122,0.25480769230769157,0.21820501914078985,0.24350107321726094,0.23812499999999637,"","",122,0.12637362637362606,0.11654615057422316,0.12997853565466272,0.12537499999999988
123,0.44848901098900956,0.4615057422373428,0.44407345575960516,0.45000000000000195,"","",123,0.2541208791208784,0.22203317737133002,0.24397805866920463,0.23937499999999637,"","",123,0.12568681318681288,0.11867290514674547,0.12997853565466272,0.12587499999999985
124,0.44848901098900956,0.4615057422373428,0.44407345575960516,0.45000000000000195,"","",124,0.25618131868131794,0.22501063377286126,0.2458860004769794,0.2416249999999963,"","",124,0.1291208791208788,0.12079965971926779,0.1309325065585501,0.12762499999999982
125,0.44848901098900956,0.4615057422373428,0.44407345575960516,0.45000000000000195,"","",125,0.26030219780219704,0.23309230114844606,0.24946339136655707,0.24662499999999618,"","",125,0.13255494505494472,0.12590387069332135,0.13260195564035301,0.13062499999999977
126,0.44848901098900956,0.4615057422373428,0.44407345575960516,0.45000000000000195,"","",126,0.2589285714285707,0.2326669502339416,0.25065585499641635,0.24687499999999618,"","",126,0.12980769230769199,0.1242024670353035,0.13212497018840932,0.1293749999999998
127,0.44848901098900956,0.4615057422373428,0.44407345575960516,0.45000000000000195,"","",127,0.2630494505494498,0.23521905572096838,0.2530407822561351,0.24962499999999624,"","",127,0.13186813186813154,0.12505316886431242,0.13236346291438117,0.13012499999999977
128,0.44848901098900956,0.4615057422373428,0.44407345575960516,0.45000000000000195,"","",128,0.2630494505494498,0.2373458102934907,0.2530407822561351,0.2502499999999962,"","",128,0.1332417582417579,0.12462781794980796,0.13284044836632486,0.13049999999999978
129,0.44848901098900956,0.4615057422373428,0.44407345575960516,0.45000000000000195,"","",129,0.2616758241758234,0.23692045937898623,0.2544717386119663,0.25062499999999627,"","",129,0.13118131868131835,0.12377711612079903,0.13188647746243748,0.1293749999999998
130,0.44848901098900956,0.4615057422373428,0.44407345575960516,0.45000000000000195,"","",130,0.2582417582417575,0.2373458102934907,0.25518721678988193,0.2504999999999963,"","",130,0.13049450549450517,0.12335176520629457,0.13236346291438117,0.12937499999999977
131,0.44848901098900956,0.4615057422373428,0.44407345575960516,0.45000000000000195,"","",131,0.2568681318681311,0.24032326669502194,0.2556642022418257,0.2513749999999963,"","",131,0.1291208791208788,0.12547851977881688,0.13188647746243748,0.1294999999999998
132,0.44848901098900956,0.4615057422373428,0.44407345575960516,0.45000000000000195,"","",132,0.2582417582417575,0.23819651212249962,0.2561411876937694,0.2512499999999963,"","",132,0.13186813186813154,0.12505316886431242,0.13260195564035301,0.13024999999999978
133,0.44848901098900956,0.4615057422373428,0.44407345575960516,0.45000000000000195,"","",133,0.26030219780219704,0.2420246703530398,0.2597185785833475,0.25462499999999644,"","",133,0.13118131868131835,0.12845597618034812,0.13427140472215593,0.13199999999999973
134,0.44848901098900956,0.4615057422373428,0.44407345575960516,0.45000000000000195,"","",134,0.2630494505494498,0.239472564866013,0.2616265203911225,0.2553749999999965,"","",134,0.13049450549450517,0.1276052743513392,0.13713331743381807,0.13312499999999966
135,0.44848901098900956,0.4615057422373428,0.44407345575960516,0.45000000000000195,"","",135,0.26923076923076844,0.24245002126754425,0.2599570713093194,0.25649999999999645,"","",135,0.1332417582417579,0.1288813270948526,0.13737181015978991,0.13412499999999963
136,0.44848901098900956,0.4615057422373428,0.44407345575960516,0.45000000000000195,"","",136,0.2747252747252739,0.24500212675457103,0.2609110422132069,0.2587499999999965,"","",136,0.1380494505494502,0.13015737983836598,0.13880276651562098,0.13612499999999958
137,0.44848901098900956,0.4615057422373428,0.44407345575960516,0.45000000000000195,"","",137,0.27678571428571347,0.24627817949808442,0.2613880276651506,0.2597499999999965,"","",137,0.137362637362637,0.13015737983836598,0.13904125924159283,0.13612499999999958
138,0.44848901098900956,0.4615057422373428,0.44407345575960516,0.45000000000000195,"","",138,0.2760989010989003,0.24457677584006657,0.26210350584306624,0.25949999999999646,"","",138,0.1380494505494502,0.13015737983836598,0.13904125924159283,0.13624999999999957
139,0.44848901098900956,0.4615057422373428,0.44407345575960516,0.45000000000000195,"","",139,0.2747252747252739,0.24712888132709335,0.2590031004054319,0.25837499999999636,"","",139,0.1380494505494502,0.13185878349638383,0.13665633198187438,0.13549999999999965
140,0.44848901098900956,0.4615057422373428,0.44407345575960516,0.45000000000000195,"","",140,0.2719780219780212,0.24287537218204872,0.26043405676126313,0.25737499999999647,"","",140,0.137362637362637,0.13058273075287044,0.13641783925590253,0.13487499999999966
141,0.44848901098900956,0.4615057422373428,0.44407345575960516,0.45000000000000195,"","",141,0.27266483516483436,0.24330072309655318,0.26019556403529126,0.25749999999999645,"","",141,0.14010989010988975,0.13015737983836598,0.13594085380395884,0.13499999999999965
142,0.44848901098900956,0.4615057422373428,0.44407345575960516,0.45000000000000195,"","",142,0.26785714285714207,0.24245002126754425,0.2573336513236288,0.25487499999999635,"","",142,0.137362637362637,0.12845597618034812,0.13403291199618408,0.13299999999999973
143,0.44848901098900956,0.4615057422373428,0.44407345575960516,0.45000000000000195,"","",143,0.271291208791208,0.2407486176095264,0.2554257095158538,0.2539999999999963,"","",143,0.13667582417582383,0.12803062526584366,0.1330789410922967,0.13224999999999978
144,0.44848901098900956,0.4615057422373428,0.44407345575960516,0.45000000000000195,"","",144,0.271291208791208,0.2441514249255621,0.2573336513236288,0.25599999999999634,"","",144,0.137362637362637,0.1288813270948526,0.13474839017409962,0.13349999999999967
145,0.44848901098900956,0.4615057422373428,0.44407345575960516,0.45000000000000195,"","",145,0.2747252747252739,0.24968098681412013,0.2582876222275163,0.25874999999999637,"","",145,0.14010989010988975,0.13143343258187937,0.13331743381826855,0.13399999999999973
146,0.44848901098900956,0.4615057422373428,0.44407345575960516,0.45000000000000195,"","",146,0.26923076923076844,0.2475542322415978,0.260672549487235,0.25837499999999647,"","",146,0.13530219780219746,0.13143343258187937,0.13546386835201515,0.13424999999999968
147,0.44848901098900956,0.4615057422373428,0.44407345575960516,0.45000000000000195,"","",147,0.271291208791208,0.24968098681412013,0.26114953493917875,0.2596249999999965,"","",147,0.13461538461538428,0.13356018715440168,0.13594085380395884,0.13499999999999965
148,0.44848901098900956,0.4615057422373428,0.44407345575960516,0.45000000000000195,"","",148,0.26923076923076844,0.24968098681412013,0.26186501311709437,0.2596249999999965,"","",148,0.13598901098901064,0.13270948532539276,0.13546386835201515,0.13474999999999965
149,0.44848901098900956,0.4615057422373428,0.44407345575960516,0.45000000000000195,"","",149,0.2706043956043948,0.25095703955763354,0.25876460767946,0.25862499999999644,"","",149,0.13598901098901064,0.13356018715440168,0.13331743381826855,0.13387499999999972
150,0.44848901098900956,0.4615057422373428,0.44407345575960516,0.45000000000000195,"","",150,0.2747252747252739,0.25095703955763354,0.2599570713093194,0.2599999999999964,"","",150,0.13598901098901064,0.13398553806890615,0.13474839017409962,0.13474999999999968
151,0.44848901098900956,0.4615057422373428,0.44407345575960516,0.45000000000000195,"","",151,0.278846153846153,0.25435984687366925,0.2609110422132069,0.2622499999999965,"","",151,0.13667582417582383,0.13483623989791507,0.13427140472215593,0.13487499999999972
152,0.44848901098900956,0.4615057422373428,0.44407345575960516,0.45000000000000195,"","",152,0.2760989010989003,0.25308379413015586,0.26043405676126313,0.2611249999999965,"","",152,0.137362637362637,0.13398553806890615,0.13331743381826855,0.1342499999999997
153,0.44848901098900956,0.4615057422373428,0.44407345575960516,0.45000000000000195,"","",153,0.2760989010989003,0.2535091450446603,0.26114953493917875,0.2616249999999965,"","",153,0.13667582417582383,0.13483623989791507,0.13450989744812777,0.1349999999999997
154,0.44848901098900956,0.4615057422373428,0.44407345575960516,0.45000000000000195,"","",154,0.2760989010989003,0.2535091450446603,0.26281898402098186,0.2624999999999965,"","",154,0.137362637362637,0.13356018715440168,0.13474839017409962,0.1348749999999997
155,0.44848901098900956,0.4615057422373428,0.44407345575960516,0.45000000000000195,"","",155,0.27678571428571347,0.2547851977881737,0.26258049129501,0.2628749999999965,"","",155,0.137362637362637,0.13483623989791507,0.13498688290007146,0.1353749999999997
156,0.44848901098900956,0.4615057422373428,0.44407345575960516,0.45000000000000195,"","",156,0.2760989010989003,0.25308379413015586,0.2616265203911225,0.2617499999999965,"","",156,0.13530219780219746,0.13270948532539276,0.1330789410922967,0.13337499999999974
157,0.44848901098900956,0.4615057422373428,0.44407345575960516,0.45000000000000195,"","",157,0.2754120879120871,0.2547851977881737,0.2635344621988975,0.26312499999999656,"","",157,0.13461538461538428,0.13611229264142846,0.13498688290007146,0.13524999999999968
158,0.44848901098900956,0.4615057422373428,0.44407345575960516,0.45000000000000195,"","",158,0.2747252747252739,0.2581880051042094,0.2652039112807006,0.2648749999999966,"","",158,0.1339285714285711,0.13781369629944631,0.13474839017409962,0.13549999999999968
159,0.44848901098900956,0.4615057422373428,0.44407345575960516,0.45000000000000195,"","",159,0.27335164835164755,0.25988940876222727,0.2659193894586162,0.26549999999999657,"","",159,0.13461538461538428,0.13994045087196863,0.13427140472215593,0.13599999999999968
160,0.44848901098900956,0.4615057422373428,0.44407345575960516,0.45000000000000195,"","",160,0.27815934065933984,0.2573373032752005,0.26735034581444744,0.2663749999999967,"","",160,0.13873626373626338,0.1369629944704374,0.13403291199618408,0.1357499999999997
161,0.44848901098900956,0.4615057422373428,0.44407345575960516,0.45000000000000195,"","",161,0.27403846153846073,0.2607401105912362,0.26973527307416617,0.2678749999999967,"","",161,0.13873626373626338,0.13653764355593292,0.13641783925590253,0.13687499999999964
162,0.44848901098900956,0.4615057422373428,0.44407345575960516,0.45000000000000195,"","",162,0.278846153846153,0.2615908124202451,0.26973527307416617,0.2689999999999967,"","",162,0.1421703296703293,0.13526159081241954,0.13641783925590253,0.13712499999999966
163,0.44848901098900956,0.4615057422373428,0.44407345575960516,0.45000000000000195,"","",163,0.278846153846153,0.2641429179072719,0.271881707607913,0.2708749999999968,"","",163,0.1421703296703293,0.1369629944704374,0.13927975196756467,0.13912499999999955
164,0.44848901098900956,0.4615057422373428,0.44407345575960516,0.45000000000000195,"","",164,0.28228021978021894,0.2615908124202451,0.2740281421416599,0.27187499999999687,"","",164,0.14423076923076886,0.13483623989791507,0.1404722155974239,0.13949999999999954
165,0.44848901098900956,0.4615057422373428,0.44407345575960516,0.45000000000000195,"","",165,0.28159340659340576,0.2628668651637585,0.27593608394943486,0.27312499999999695,"","",165,0.14491758241758204,0.13313483623989722,0.14142618650131128,0.1396249999999995
166,0.44848901098900956,0.4615057422373428,0.44407345575960516,0.45000000000000195,"","",166,0.2850274725274717,0.26116546150574066,0.2764130694013786,0.2734999999999969,"","",166,0.14903846153846115,0.13526159081241954,0.14142618650131128,0.1409999999999995
167,0.44848901098900956,0.4615057422373428,0.44407345575960516,0.45000000000000195,"","",167,0.2836538461538453,0.263292216078263,0.27522060577151924,0.27324999999999694,"","",167,0.14835164835164796,0.1369629944704374,0.14118769377533943,0.1412499999999995
168,0.44848901098900956,0.4615057422373428,0.44407345575960516,0.45000000000000195,"","",168,0.2891483516483508,0.2675457252233076,0.273789649415688,0.27474999999999683,"","",168,0.14835164835164796,0.13823904721395078,0.1399952301454802,0.14099999999999954
169,0.44848901098900956,0.4615057422373428,0.44407345575960516,0.45000000000000195,"","",169,0.2932692307692299,0.26712037430880314,0.27426663486763175,0.2756249999999969,"","",169,0.15247252747252707,0.1369629944704374,0.1409492010493676,0.1418749999999995
170,0.44848901098900956,0.4615057422373428,0.44407345575960516,0.45000000000000195,"","",170,0.30013736263736174,0.26712037430880314,0.2745051275936036,0.2769999999999968,"","",170,0.1600274725274721,0.1369629944704374,0.14023372287145205,0.14287499999999953
171,0.44848901098900956,0.4615057422373428,0.44407345575960516,0.45000000000000195,"","",171,0.297390109890109,0.26712037430880314,0.2771285475792942,0.27787499999999693,"","",171,0.155906593406593,0.13653764355593292,0.14238015740519866,0.14312499999999945
172,0.44848901098900956,0.4615057422373428,0.44407345575960516,0.45000000000000195,"","",172,0.3015109890109881,0.263292216078263,0.27689005485332235,0.27737499999999693,"","",172,0.15865384615384573,0.13526159081241954,0.14214166467922681,0.14312499999999947
173,0.44848901098900956,0.4615057422373428,0.44407345575960516,0.45000000000000195,"","",173,0.30013736263736174,0.2594640578477228,0.2754590984974911,0.27524999999999694,"","",173,0.16277472527472484,0.13483623989791507,0.14071070832339574,0.14299999999999952
174,0.44848901098900956,0.4615057422373428,0.44407345575960516,0.45000000000000195,"","",174,0.29532967032966945,0.2560612505316871,0.2766515621273505,0.2739999999999969,"","",174,0.15865384615384573,0.1344108889834106,0.14142618650131128,0.1424999999999995
175,0.44848901098900956,0.4615057422373428,0.44407345575960516,0.45000000000000195,"","",175,0.2918956043956035,0.25563589961718264,0.2764130694013786,0.27312499999999695,"","",175,0.15384615384615344,0.13398553806890615,0.14142618650131128,0.1414999999999995
176,0.44848901098900956,0.4615057422373428,0.44407345575960516,0.45000000000000195,"","",176,0.29120879120879034,0.25435984687366925,0.2771285475792942,0.27299999999999697,"","",176,0.155906593406593,0.13398553806890615,0.14142618650131128,0.1418749999999995
177,0.44848901098900956,0.4615057422373428,0.44407345575960516,0.45000000000000195,"","",177,0.28708791208791123,0.2586133560187139,0.2771285475792942,0.2734999999999969,"","",177,0.15247252747252707,0.13526159081241954,0.14214166467922681,0.1419999999999995
178,0.44848901098900956,0.4615057422373428,0.44407345575960516,0.45000000000000195,"","",178,0.28640109890109805,0.26116546150574066,0.27784402575720984,0.27449999999999697,"","",178,0.15041208791208752,0.13823904721395078,0.14118769377533943,0.1419999999999995
179,0.44848901098900956,0.4615057422373428,0.44407345575960516,0.45000000000000195,"","",179,0.2891483516483508,0.263292216078263,0.27760553303123797,0.27549999999999697,"","",179,0.15178571428571389,0.13951509995746417,0.1409492010493676,0.1424999999999995
180,0.44848901098900956,0.4615057422373428,0.44407345575960516,0.45000000000000195,"","",180,0.2877747252747244,0.2628668651637585,0.2771285475792942,0.2748749999999969,"","",180,0.15247252747252707,0.13994045087196863,0.14071070832339574,0.1426249999999995
181,0.44848901098900956,0.4615057422373428,0.44407345575960516,0.45000000000000195,"","",181,0.2932692307692299,0.26456826882177636,0.27784402575720984,0.276749999999997,"","",181,0.15315934065934025,0.13994045087196863,0.1409492010493676,0.14287499999999947
182,0.44848901098900956,0.4615057422373428,0.44407345575960516,0.45000000000000195,"","",182,0.29532967032966945,0.2641429179072719,0.27760553303123797,0.276874999999997,"","",182,0.1552197802197798,0.13951509995746417,0.13975673741950836,0.14249999999999952
183,0.44848901098900956,0.4615057422373428,0.44407345575960516,0.45000000000000195,"","",183,0.29945054945054855,0.2649936197362808,0.27879799666109734,0.278499999999997,"","",183,0.15728021978021936,0.13951509995746417,0.13927975196756467,0.14262499999999956
184,0.44848901098900956,0.4615057422373428,0.44407345575960516,0.45000000000000195,"","",184,0.3015109890109881,0.2628668651637585,0.2807059384688723,0.27924999999999706,"","",184,0.15865384615384573,0.13823904721395078,0.1404722155974239,0.14312499999999953
185,0.44848901098900956,0.4615057422373428,0.44407345575960516,0.45000000000000195,"","",185,0.3028846153846145,0.26584432156528975,0.2823753875506754,0.28124999999999717,"","",185,0.15865384615384573,0.14079115270097756,0.14142618650131128,0.14437499999999948
186,0.44848901098900956,0.4615057422373428,0.44407345575960516,0.45000000000000195,"","",186,0.29945054945054855,0.26371756699276744,0.2826138802766473,0.2801249999999972,"","",186,0.15659340659340618,0.1390897490429597,0.1426186501311705,0.14412499999999942
187,0.44848901098900956,0.4615057422373428,0.44407345575960516,0.45000000000000195,"","",187,0.30357142857142766,0.263292216078263,0.28118292392081606,0.2799999999999971,"","",187,0.1593406593406589,0.1369629944704374,0.14285714285714235,0.14412499999999942
188,0.44848901098900956,0.4615057422373428,0.44407345575960516,0.45000000000000195,"","",188,0.3015109890109881,0.26244151424925405,0.28046744574290045,0.27899999999999703,"","",188,0.15659340659340618,0.13398553806890615,0.1426186501311705,0.14262499999999945
189,0.44848901098900956,0.4615057422373428,0.44407345575960516,0.45000000000000195,"","",189,0.29532967032966945,0.263292216078263,0.2799904602909567,0.27787499999999704,"","",189,0.15315934065934025,0.13356018715440168,0.1404722155974239,0.14074999999999951
190,0.44848901098900956,0.4615057422373428,0.44407345575960516,0.45000000000000195,"","",190,0.29876373626373537,0.2615908124202451,0.27784402575720984,0.276874999999997,"","",190,0.15384615384615344,0.13185878349638383,0.1378487956117336,0.1389999999999996
191,0.44848901098900956,0.4615057422373428,0.44407345575960516,0.45000000000000195,"","",191,0.29876373626373537,0.2641429179072719,0.27760553303123797,0.27749999999999697,"","",191,0.155906593406593,0.13356018715440168,0.13546386835201515,0.13862499999999967
192,0.44848901098900956,0.4615057422373428,0.44407345575960516,0.45000000000000195,"","",192,0.29532967032966945,0.26584432156528975,0.28046744574290045,0.27887499999999704,"","",192,0.15384615384615344,0.135686941726924,0.13713331743381807,0.1397499999999996
193,0.44848901098900956,0.4615057422373428,0.44407345575960516,0.45000000000000195,"","",193,0.29601648351648263,0.2675457252233076,0.2823753875506754,0.2804999999999971,"","",193,0.15453296703296662,0.13781369629944631,0.13880276651562098,0.14137499999999956
194,0.44848901098900956,0.4615057422373428,0.44407345575960516,0.45000000000000195,"","",194,0.29945054945054855,0.2696724797958299,0.2842833293584504,0.28274999999999717,"","",194,0.15453296703296662,0.13951509995746417,0.1404722155974239,0.1427499999999995
195,0.44848901098900956,0.4615057422373428,0.44407345575960516,0.45000000000000195,"","",195,0.2980769230769222,0.26839642705231653,0.2880992129740004,0.2841249999999973,"","",195,0.15315934065934025,0.13781369629944631,0.14357262103505788,0.14362499999999942
196,0.44848901098900956,0.4615057422373428,0.44407345575960516,0.45000000000000195,"","",196,0.3021978021978013,0.26839642705231653,0.28833770569997225,0.28499999999999726,"","",196,0.15384615384615344,0.1390897490429597,0.14452659193894526,0.14462499999999937
197,0.44848901098900956,0.4615057422373428,0.44407345575960516,0.45000000000000195,"","",197,0.3028846153846145,0.2666950233942987,0.28666825661816914,0.2837499999999973,"","",197,0.155906593406593,0.1390897490429597,0.1430956355831142,0.14424999999999943
198,0.44848901098900956,0.4615057422373428,0.44407345575960516,0.45000000000000195,"","",198,0.3028846153846145,0.26839642705231653,0.28905318387788786,0.2854999999999973,"","",198,0.1552197802197798,0.14079115270097756,0.14428809921297342,0.14524999999999938
199,0.44848901098900956,0.4615057422373428,0.44407345575960516,0.45000000000000195,"","",199,0.30013736263736174,0.27179923436835224,0.290722632959691,0.2868749999999974,"","",199,0.15315934065934025,0.14164185452998648,0.14548056284283264,0.14574999999999938
200,0.44848901098900956,0.4615057422373428,0.44407345575960516,0.45000000000000195,"","",200,0.3021978021978013,0.2747766907698835,0.28929167660385974,0.2873749999999973,"","",200,0.15247252747252707,0.14206720544449095,0.1430956355831142,0.14449999999999943
201,0.44848901098900956,0.4615057422373428,0.44407345575960516,0.45000000000000195,"","",201,0.2967032967032958,0.2747766907698835,0.29191509658955034,0.2877499999999974,"","",201,0.15041208791208752,0.14079115270097756,0.14428809921297342,0.1443749999999994
202,0.44848901098900956,0.4615057422373428,0.44407345575960516,0.45000000000000195,"","",202,0.29532967032966945,0.27392598894087455,0.29286906749343783,0.28774999999999745,"","",202,0.15041208791208752,0.13994045087196863,0.1452420701168608,0.14462499999999937
203,0.44848901098900956,0.4615057422373428,0.44407345575960516,0.45000000000000195,"","",203,0.2918956043956035,0.2696724797958299,0.2938230383973253,0.2863749999999975,"","",203,0.14903846153846115,0.13823904721395078,0.1452420701168608,0.14387499999999936
204,0.44848901098900956,0.4615057422373428,0.44407345575960516,0.45000000000000195,"","",204,0.2939560439560431,0.2666950233942987,0.2947770093012128,0.2863749999999975,"","",204,0.14972527472527433,0.13823904721395078,0.1447650846649171,0.14374999999999938
205,0.44848901098900956,0.4615057422373428,0.44407345575960516,0.45000000000000195,"","",205,0.29052197802197716,0.2675457252233076,0.2940615311232972,0.2856249999999975,"","",205,0.14972527472527433,0.1403658017864731,0.1457190555688045,0.14487499999999937
206,0.44848901098900956,0.4615057422373428,0.44407345575960516,0.45000000000000195,"","",206,0.29120879120879034,0.2675457252233076,0.29430002384926907,0.2858749999999975,"","",206,0.14903846153846115,0.14079115270097756,0.14667302647269187,0.14537499999999934
207,0.44848901098900956,0.4615057422373428,0.44407345575960516,0.45000000000000195,"","",207,0.29876373626373537,0.2713738834538478,0.29549248747912843,0.2889999999999975,"","",207,0.15315934065934025,0.14206720544449095,0.14691151919866371,0.1466249999999993
208,0.44848901098900956,0.4615057422373428,0.44407345575960516,0.45000000000000195,"","",208,0.3021978021978013,0.27264993619736116,0.2957309802051003,0.2901249999999976,"","",208,0.15453296703296662,0.1424925563589954,0.14619604102074818,0.14662499999999934
209,0.44848901098900956,0.4615057422373428,0.44407345575960516,0.45000000000000195,"","",209,0.3070054945054936,0.274351339855379,0.2974004292869034,0.29237499999999755,"","",209,0.15796703296703254,0.1437686091025088,0.14834247555449478,0.14874999999999927
210,0.44848901098900956,0.4615057422373428,0.44407345575960516,0.45000000000000195,"","",210,0.30906593406593313,0.274351339855379,0.2974004292869034,0.29274999999999757,"","",210,0.15728021978021936,0.1424925563589954,0.14834247555449478,0.14824999999999927
211,0.44848901098900956,0.4615057422373428,0.44407345575960516,0.45000000000000195,"","",211,0.31249999999999906,0.2730752871118656,0.2957309802051003,0.2921249999999976,"","",211,0.15728021978021936,0.1424925563589954,0.1473885046506074,0.1477499999999993
212,0.44848901098900956,0.4615057422373428,0.44407345575960516,0.45000000000000195,"","",212,0.30906593406593313,0.27732879625691026,0.29525399475315656,0.2924999999999975,"","",212,0.1552197802197798,0.14334325818800434,0.1473885046506074,0.1476249999999993
213,0.44848901098900956,0.4615057422373428,0.44407345575960516,0.45000000000000195,"","",213,0.31181318681318587,0.27647809442790133,0.2931075602194097,0.29162499999999747,"","",213,0.1600274725274721,0.14164185452998648,0.14619604102074818,0.14737499999999934
214,0.44848901098900956,0.4615057422373428,0.44407345575960516,0.45000000000000195,"","",214,0.30837912087911995,0.2777541471714147,0.2923920820414941,0.29099999999999737,"","",214,0.15865384615384573,0.14206720544449095,0.14428809921297342,0.14624999999999938
215,0.44848901098900956,0.4615057422373428,0.44407345575960516,0.45000000000000195,"","",215,0.3063186813186804,0.2790301999149281,0.2957309802051003,0.2927499999999975,"","",215,0.15659340659340618,0.14291790727349987,0.14548056284283264,0.14674999999999938
216,0.44848901098900956,0.4615057422373428,0.44407345575960516,0.45000000000000195,"","",216,0.3056318681318672,0.28073160357294596,0.29549248747912843,0.2929999999999975,"","",216,0.15659340659340618,0.14291790727349987,0.14428809921297342,0.14612499999999937
217,0.44848901098900956,0.4615057422373428,0.44407345575960516,0.45000000000000195,"","",217,0.3104395604395595,0.2777541471714147,0.29692344383495967,0.29374999999999757,"","",217,0.1593406593406589,0.14291790727349987,0.1430956355831142,0.14599999999999944
218,0.44848901098900956,0.4615057422373428,0.44407345575960516,0.45000000000000195,"","",218,0.30837912087911995,0.2815823054019549,0.30050083472453776,0.29637499999999767,"","",218,0.15728021978021936,0.1450446618460222,0.14452659193894526,0.14699999999999938
219,0.44848901098900956,0.4615057422373428,0.44407345575960516,0.45000000000000195,"","",219,0.30906593406593313,0.2794555508294326,0.3012163129024534,0.29624999999999774,"","",219,0.15796703296703254,0.14334325818800434,0.1457190555688045,0.14724999999999935
220,0.44848901098900956,0.4615057422373428,0.44407345575960516,0.45000000000000195,"","",220,0.30906593406593313,0.2794555508294326,0.301931791080369,0.29662499999999775,"","",220,0.15796703296703254,0.14419396001701326,0.14595754829477633,0.1476249999999993
221,0.44848901098900956,0.4615057422373428,0.44407345575960516,0.45000000000000195,"","",221,0.31181318681318587,0.2824330072309638,0.30240877653231274,0.29824999999999774,"","",221,0.1600274725274721,0.14547001276052665,0.14643453374672002,0.1486249999999993
222,0.44848901098900956,0.4615057422373428,0.44407345575960516,0.45000000000000195,"","",222,0.3111263736263727,0.2849851127179906,0.30145480562842525,0.2983749999999977,"","",222,0.1593406593406589,0.14759676733304897,0.14715001192463556,0.14949999999999933
223,0.44848901098900956,0.4615057422373428,0.44407345575960516,0.45000000000000195,"","",223,0.30769230769230677,0.28328370905997274,0.3026472692582846,0.2978749999999977,"","",223,0.15796703296703254,0.14632071458953558,0.14810398282852294,0.14937499999999926
224,0.44848901098900956,0.4615057422373428,0.44407345575960516,0.45000000000000195,"","",224,0.30837912087911995,0.2849851127179906,0.30336274743620023,0.2988749999999977,"","",224,0.15865384615384573,0.14632071458953558,0.14858096828046663,0.14974999999999927
225,0.44848901098900956,0.4615057422373428,0.44407345575960516,0.45000000000000195,"","",225,0.30769230769230677,0.28455976180348613,0.3026472692582846,0.29824999999999774,"","",225,0.16071428571428528,0.14419396001701326,0.14762699737657925,0.1489999999999993
226,0.44848901098900956,0.4615057422373428,0.44407345575960516,0.45000000000000195,"","",226,0.3021978021978013,0.28455976180348613,0.3028857619842565,0.2973749999999977,"","",226,0.155906593406593,0.1437686091025088,0.14810398282852294,0.1482499999999993
227,0.44848901098900956,0.4615057422373428,0.44407345575960516,0.45000000000000195,"","",227,0.30494505494505403,0.2858358145469995,0.30240877653231274,0.2979999999999977,"","",227,0.155906593406593,0.14334325818800434,0.1478654901025511,0.1479999999999993
228,0.44848901098900956,0.4615057422373428,0.44407345575960516,0.45000000000000195,"","",228,0.3063186813186804,0.28541046363249506,0.30336274743620023,0.29862499999999775,"","",228,0.15659340659340618,0.14334325818800434,0.14834247555449478,0.14837499999999926
229,0.44848901098900956,0.4615057422373428,0.44407345575960516,0.45000000000000195,"","",229,0.30494505494505403,0.2896639727775397,0.303839732888144,0.2998749999999978,"","",229,0.15315934065934025,0.14674606550404004,0.14929644645838216,0.14924999999999924
230,0.44848901098900956,0.4615057422373428,0.44407345575960516,0.45000000000000195,"","",230,0.30425824175824084,0.291790727350062,0.30145480562842525,0.29912499999999775,"","",230,0.15041208791208752,0.1484474691620579,0.1478654901025511,0.14849999999999927
231,0.44848901098900956,0.4615057422373428,0.44407345575960516,0.45000000000000195,"","",231,0.30494505494505403,0.29136537643555754,0.30217028380634087,0.2994999999999977,"","",231,0.15178571428571389,0.1484474691620579,0.14905795373241032,0.14937499999999926
232,0.44848901098900956,0.4615057422373428,0.44407345575960516,0.45000000000000195,"","",232,0.30425824175824084,0.29136537643555754,0.30217028380634087,0.2993749999999977,"","",232,0.15384615384615344,0.1484474691620579,0.14881946100643847,0.14962499999999926
233,0.44848901098900956,0.4615057422373428,0.44407345575960516,0.45000000000000195,"","",233,0.30425824175824084,0.2939174819225843,0.301931791080369,0.2999999999999977,"","",233,0.15453296703296662,0.14929817099106682,0.1478654901025511,0.14949999999999927
234,0.44848901098900956,0.4615057422373428,0.44407345575960516,0.45000000000000195,"","",234,0.3070054945054936,0.2930667800935754,0.30479370379203147,0.30174999999999785,"","",234,0.155906593406593,0.1471714164185445,0.14858096828046663,0.14949999999999927
235,0.44848901098900956,0.4615057422373428,0.44407345575960516,0.45000000000000195,"","",235,0.3070054945054936,0.2943428328370888,0.303839732888144,0.3016249999999977,"","",235,0.155906593406593,0.14802211824755343,0.14691151919866371,0.1488749999999993
236,0.44848901098900956,0.4615057422373428,0.44407345575960516,0.45000000000000195,"","",236,0.30357142857142766,0.29689493832411556,0.30217028380634087,0.3008749999999977,"","",236,0.15247252747252707,0.14929817099106682,0.1452420701168608,0.14774999999999938
237,0.44848901098900956,0.4615057422373428,0.44407345575960516,0.45000000000000195,"","",237,0.3063186813186804,0.2956188855806022,0.30407822561411585,0.3019999999999977,"","",237,0.15384615384615344,0.1484474691620579,0.14643453374672002,0.1483749999999993
238,0.44848901098900956,0.4615057422373428,0.44407345575960516,0.45000000000000195,"","",238,0.30425824175824084,0.2951935346660977,0.30503219651800334,0.30199999999999777,"","",238,0.15247252747252707,0.1484474691620579,0.14715001192463556,0.14849999999999933
239,0.44848901098900956,0.4615057422373428,0.44407345575960516,0.45000000000000195,"","",239,0.3056318681318672,0.2930667800935754,0.3055091819699471,0.30187499999999784,"","",239,0.15315934065934025,0.14759676733304897,0.14905795373241032,0.14937499999999926
240,0.44848901098900956,0.4615057422373428,0.44407345575960516,0.45000000000000195,"","",240,0.30837912087911995,0.291790727350062,0.3045552110660596,0.3014999999999978,"","",240,0.15315934065934025,0.14674606550404004,0.1473885046506074,0.1482499999999993
241,0.44848901098900956,0.4615057422373428,0.44407345575960516,0.45000000000000195,"","",241,0.30769230769230677,0.2909400255210531,0.3064631528738346,0.30212499999999787,"","",241,0.15315934065934025,0.1471714164185445,0.14905795373241032,0.14924999999999927
242,0.44848901098900956,0.4615057422373428,0.44407345575960516,0.45000000000000195,"","",242,0.3056318681318672,0.29008932369204415,0.3071786310517502,0.3018749999999979,"","",242,0.15178571428571389,0.14632071458953558,0.14977343191032585,0.14912499999999923
243,0.44848901098900956,0.4615057422373428,0.44407345575960516,0.45000000000000195,"","",243,0.30906593406593313,0.28923862186303523,0.30741712377772207,0.3023749999999979,"","",243,0.15315934065934025,0.14547001276052665,0.14977343191032585,0.14912499999999926
244,0.44848901098900956,0.4615057422373428,0.44407345575960516,0.45000000000000195,"","",244,0.30906593406593313,0.2871118672905129,0.3055091819699471,0.30074999999999785,"","",244,0.1510989010989007,0.14419396001701326,0.1473885046506074,0.1471249999999993
245,0.44848901098900956,0.4615057422373428,0.44407345575960516,0.45000000000000195,"","",245,0.3104395604395595,0.2875372182050174,0.30837109468160956,0.302624999999998,"","",245,0.15247252747252707,0.14461931093151772,0.14905795373241032,0.14837499999999926
246,0.44848901098900956,0.4615057422373428,0.44407345575960516,0.45000000000000195,"","",246,0.3138736263736254,0.28796256911952184,0.30860958740758143,0.30349999999999794,"","",246,0.15384615384615344,0.14461931093151772,0.1473885046506074,0.14774999999999933
247,0.44848901098900956,0.4615057422373428,0.44407345575960516,0.45000000000000195,"","",247,0.3200549450549441,0.2875372182050174,0.3062246601478627,0.30324999999999785,"","",247,0.15728021978021936,0.14547001276052665,0.1452420701168608,0.14749999999999938
248,0.44848901098900956,0.4615057422373428,0.44407345575960516,0.45000000000000195,"","",248,0.32142857142857045,0.2871118672905129,0.30741712377772207,0.3039999999999979,"","",248,0.15865384615384573,0.1450446618460222,0.1452420701168608,0.14762499999999937
249,0.44848901098900956,0.4615057422373428,0.44407345575960516,0.45000000000000195,"","",249,0.31799450549450453,0.2909400255210531,0.30932506558549705,0.30549999999999794,"","",249,0.15796703296703254,0.14632071458953558,0.14548056284283264,0.14799999999999935
250,0.44848901098900956,0.4615057422373428,0.44407345575960516,0.45000000000000195,"","",250,0.3200549450549441,0.2943428328370888,0.30860958740758143,0.3064999999999979,"","",250,0.15796703296703254,0.1471714164185445,0.14333412830908604,0.1471249999999994
251,0.44848901098900956,0.4615057422373428,0.44407345575960516,0.45000000000000195,"","",251,0.3186813186813177,0.29689493832411556,0.30765561650369394,0.30649999999999783,"","",251,0.155906593406593,0.14759676733304897,0.14404960648700157,0.14724999999999938
252,0.44848901098900956,0.4615057422373428,0.44407345575960516,0.45000000000000195,"","",252,0.31318681318681224,0.2964695874096111,0.30574767469591896,0.30437499999999784,"","",252,0.15315934065934025,0.14547001276052665,0.14285714285714235,0.14549999999999944
253,0.44848901098900956,0.4615057422373428,0.44407345575960516,0.45000000000000195,"","",253,0.3111263736263727,0.29689493832411556,0.30765561650369394,0.3051249999999978,"","",253,0.15178571428571389,0.14589536367503111,0.14404960648700157,0.14599999999999938
254,0.44848901098900956,0.4615057422373428,0.44407345575960516,0.45000000000000195,"","",254,0.3111263736263727,0.29732028923862003,0.3069401383257783,0.30487499999999784,"","",254,0.15247252747252707,0.1450446618460222,0.14500357739088895,0.14637499999999937
255,0.44848901098900956,0.4615057422373428,0.44407345575960516,0.45000000000000195,"","",255,0.3145604395604386,0.2956188855806022,0.30574767469591896,0.30437499999999784,"","",255,0.1552197802197798,0.14291790727349987,0.14452659193894526,0.14599999999999938
256,0.44848901098900956,0.4615057422373428,0.44407345575960516,0.45000000000000195,"","",256,0.3193681318681309,0.2939174819225843,0.30670164559980645,0.30524999999999786,"","",256,0.15728021978021936,0.14121650361548202,0.1447650846649171,0.14599999999999938
257,0.44848901098900956,0.4615057422373428,0.44407345575960516,0.45000000000000195,"","",257,0.3186813186813177,0.30072309655465573,0.30741712377772207,0.30749999999999783,"","",257,0.15865384615384573,0.14547001276052665,0.14500357739088895,0.14762499999999937
258,0.44848901098900956,0.4615057422373428,0.44407345575960516,0.45000000000000195,"","",258,0.3193681318681309,0.303700552956187,0.30741712377772207,0.30849999999999783,"","",258,0.16140109890109847,0.14674606550404004,0.1447650846649171,0.14837499999999937
259,0.44848901098900956,0.4615057422373428,0.44407345575960516,0.45000000000000195,"","",259,0.32348901098901,0.3019991492981691,0.30765561650369394,0.30887499999999785,"","",259,0.15865384615384573,0.14759676733304897,0.14404960648700157,0.14774999999999938
260,0.44848901098900956,0.4615057422373428,0.44407345575960516,0.45000000000000195,"","",260,0.3200549450549441,0.3032752020416825,0.3071786310517502,0.30837499999999785,"","",260,0.1552197802197798,0.14972352190557128,0.14357262103505788,0.1474999999999994
261,0.44848901098900956,0.4615057422373428,0.44407345575960516,0.45000000000000195,"","",261,0.3186813186813177,0.3066780093577182,0.30860958740758143,0.30987499999999785,"","",261,0.1552197802197798,0.15270097830710253,0.14428809921297342,0.14874999999999938
262,0.44848901098900956,0.4615057422373428,0.44407345575960516,0.45000000000000195,"","",262,0.31662087912087816,0.3058273075287093,0.3064631528738346,0.3081249999999978,"","",262,0.15247252747252707,0.15142492556358914,0.14285714285714235,0.14712499999999942
263,0.44848901098900956,0.4615057422373428,0.44407345575960516,0.45000000000000195,"","",263,0.31730769230769135,0.30625265844321375,0.3078941092296658,0.3091249999999978,"","",263,0.15384615384615344,0.1505742237345802,0.1430956355831142,0.14724999999999944
264,0.44848901098900956,0.4615057422373428,0.44407345575960516,0.45000000000000195,"","",264,0.31249999999999906,0.30965546575924946,0.30765561650369394,0.3091249999999978,"","",264,0.15247252747252707,0.1518502764780936,0.14381111376102973,0.14774999999999938
265,0.44848901098900956,0.4615057422373428,0.44407345575960516,0.45000000000000195,"","",265,0.3138736263736254,0.30965546575924946,0.3095635583114689,0.3103749999999979,"","",265,0.15384615384615344,0.15397703105061591,0.14548056284283264,0.14949999999999933
266,0.44848901098900956,0.4615057422373428,0.44407345575960516,0.45000000000000195,"","",266,0.31318681318681224,0.3117822203317718,0.3114715001192439,0.31187499999999796,"","",266,0.15247252747252707,0.15482773287962484,0.14667302647269187,0.15012499999999931
267,0.44848901098900956,0.4615057422373428,0.44407345575960516,0.45000000000000195,"","",267,0.3104395604395595,0.3117822203317718,0.30932506558549705,0.3102499999999979,"","",267,0.15178571428571389,0.15440238196512038,0.14452659193894526,0.14874999999999938
268,0.44848901098900956,0.4615057422373428,0.44407345575960516,0.45000000000000195,"","",268,0.31318681318681224,0.30837941301573607,0.3105175292153564,0.31037499999999796,"","",268,0.15247252747252707,0.153126329221607,0.1452420701168608,0.14887499999999934
269,0.44848901098900956,0.4615057422373428,0.44407345575960516,0.45000000000000195,"","",269,0.31318681318681224,0.309230114844745,0.3081326019556377,0.30937499999999785,"","",269,0.15178571428571389,0.15567843470863377,0.1409492010493676,0.14724999999999946
270,0.44848901098900956,0.4615057422373428,0.44407345575960516,0.45000000000000195,"","",270,0.31318681318681224,0.3079540621012316,0.31027903648938454,0.31012499999999793,"","",270,0.155906593406593,0.15482773287962484,0.14238015740519866,0.14849999999999944
271,0.44848901098900956,0.4615057422373428,0.44407345575960516,0.45000000000000195,"","",271,0.31181318681318587,0.3066780093577182,0.3064631528738346,0.30749999999999783,"","",271,0.1552197802197798,0.15227562739259806,0.1399952301454802,0.14637499999999948
272,0.44848901098900956,0.4615057422373428,0.44407345575960516,0.45000000000000195,"","",272,0.3138736263736254,0.3079540621012316,0.30741712377772207,0.30874999999999786,"","",272,0.15728021978021936,0.153126329221607,0.1404722155974239,0.1472499999999995
273,0.44848901098900956,0.4615057422373428,0.44407345575960516,0.45000000000000195,"","",273,0.3104395604395595,0.31305827307528517,0.30860958740758143,0.31024999999999786,"","",273,0.15453296703296662,0.15610378562313823,0.14142618650131128,0.14812499999999942
274,0.44848901098900956,0.4615057422373428,0.44407345575960516,0.45000000000000195,"","",274,0.31181318681318587,0.314759676733303,0.30860958740758143,0.31099999999999783,"","",274,0.15453296703296662,0.1565291365376427,0.14023372287145205,0.14762499999999948
275,0.44848901098900956,0.4615057422373428,0.44407345575960516,0.45000000000000195,"","",275,0.31181318681318587,0.3181624840493387,0.30670164559980645,0.31099999999999783,"","",275,0.155906593406593,0.158655891110165,0.13880276651562098,0.14774999999999952
276,0.44848901098900956,0.4615057422373428,0.44407345575960516,0.45000000000000195,"","",276,0.3104395604395595,0.3194385367928521,0.3071786310517502,0.31137499999999785,"","",276,0.155906593406593,0.15950659293917394,0.13927975196756467,0.1482499999999995
277,0.44848901098900956,0.4615057422373428,0.44407345575960516,0.45000000000000195,"","",277,0.3138736263736254,0.3194385367928521,0.3069401383257783,0.31187499999999785,"","",277,0.15796703296703254,0.158655891110165,0.13951824469353652,0.1484999999999995
278,0.44848901098900956,0.4615057422373428,0.44407345575960516,0.45000000000000195,"","",278,0.31249999999999906,0.31773713313483426,0.3081326019556377,0.31174999999999786,"","",278,0.15728021978021936,0.15823054019566055,0.13951824469353652,0.1482499999999995
279,0.44848901098900956,0.4615057422373428,0.44407345575960516,0.45000000000000195,"","",279,0.3104395604395595,0.31901318587834765,0.3081326019556377,0.31174999999999786,"","",279,0.155906593406593,0.15908124202466947,0.14023372287145205,0.14862499999999948
280,0.44848901098900956,0.4615057422373428,0.44407345575960516,0.45000000000000195,"","",280,0.31249999999999906,0.31646108039132087,0.30837109468160956,0.31149999999999783,"","",280,0.15728021978021936,0.15567843470863377,0.14142618650131128,0.14849999999999944
281,0.44848901098900956,0.4615057422373428,0.44407345575960516,0.45000000000000195,"","",281,0.31181318681318587,0.314759676733303,0.30860958740758143,0.31099999999999783,"","",281,0.15453296703296662,0.15567843470863377,0.1399952301454802,0.1472499999999995
282,0.44848901098900956,0.4615057422373428,0.44407345575960516,0.45000000000000195,"","",282,0.3111263736263727,0.30965546575924946,0.3105175292153564,0.31037499999999796,"","",282,0.15315934065934025,0.15270097830710253,0.14023372287145205,0.1462499999999995
283,0.44848901098900956,0.4615057422373428,0.44407345575960516,0.45000000000000195,"","",283,0.30837912087911995,0.3058273075287093,0.3105175292153564,0.30874999999999797,"","",283,0.14972527472527433,0.15014887282007575,0.14166467922728312,0.14562499999999945
284,0.44848901098900956,0.4615057422373428,0.44407345575960516,0.45000000000000195,"","",284,0.31249999999999906,0.30625265844321375,0.31290245647507514,0.310874999999998,"","",284,0.15041208791208752,0.1484474691620579,0.14238015740519866,0.14562499999999942
285,0.44848901098900956,0.4615057422373428,0.44407345575960516,0.45000000000000195,"","",285,0.31318681318681224,0.30540195661420483,0.3176723109945126,0.3132499999999982,"","",285,0.14972527472527433,0.14887282007656236,0.1447650846649171,0.14687499999999937
286,0.44848901098900956,0.4615057422373428,0.44407345575960516,0.45000000000000195,"","",286,0.31730769230769135,0.3071033602722227,0.3176723109945126,0.31449999999999817,"","",286,0.15247252747252707,0.1484474691620579,0.14619604102074818,0.14799999999999933
287,0.44848901098900956,0.4615057422373428,0.44407345575960516,0.45000000000000195,"","",287,0.3138736263736254,0.3105061675882584,0.3176723109945126,0.3148749999999982,"","",287,0.14972527472527433,0.14972352190557128,0.14715001192463556,0.1483749999999993
288,0.44848901098900956,0.4615057422373428,0.44407345575960516,0.45000000000000195,"","",288,0.31662087912087816,0.31433432581879855,0.3183877891724282,0.3168749999999982,"","",288,0.15041208791208752,0.15142492556358914,0.14619604102074818,0.14849999999999933
289,0.44848901098900956,0.4615057422373428,0.44407345575960516,0.45000000000000195,"","",289,0.31730769230769135,0.31433432581879855,0.31719532554256885,0.3163749999999982,"","",289,0.15041208791208752,0.15142492556358914,0.14595754829477633,0.1483749999999993
290,0.44848901098900956,0.4615057422373428,0.44407345575960516,0.45000000000000195,"","",290,0.32074175824175727,0.3126329221607807,0.3157643691867376,0.31574999999999814,"","",290,0.15247252747252707,0.14972352190557128,0.1452420701168608,0.14787499999999937
291,0.44848901098900956,0.4615057422373428,0.44407345575960516,0.45000000000000195,"","",291,0.3186813186813177,0.3113568694172673,0.31528738373479387,0.3147499999999981,"","",291,0.15178571428571389,0.15014887282007575,0.14381111376102973,0.14712499999999937
292,0.44848901098900956,0.4615057422373428,0.44407345575960516,0.45000000000000195,"","",292,0.32142857142857045,0.3100808166737539,0.31457190555687825,0.31449999999999806,"","",292,0.15315934065934025,0.14929817099106682,0.14357262103505788,0.1469999999999994
293,0.44848901098900956,0.4615057422373428,0.44407345575960516,0.45000000000000195,"","",293,0.31799450549450453,0.3113568694172673,0.3160028619127095,0.3149999999999981,"","",293,0.15247252747252707,0.15142492556358914,0.14500357739088895,0.14824999999999938
294,0.44848901098900956,0.4615057422373428,0.44407345575960516,0.45000000000000195,"","",294,0.3241758241758232,0.30965546575924946,0.3160028619127095,0.3156249999999981,"","",294,0.15659340659340618,0.15142492556358914,0.14619604102074818,0.14962499999999931
295,0.44848901098900956,0.4615057422373428,0.44407345575960516,0.45000000000000195,"","",295,0.32348901098901,0.314759676733303,0.31385642737896263,0.315874999999998,"","",295,0.15728021978021936,0.153126329221607,0.14428809921297342,0.14924999999999938
296,0.44848901098900956,0.4615057422373428,0.44407345575960516,0.45000000000000195,"","",296,0.3228021978021968,0.3173117822203298,0.31266396374910327,0.31587499999999796,"","",296,0.15796703296703254,0.1552530837941293,0.14381111376102973,0.14974999999999938
297,0.44848901098900956,0.4615057422373428,0.44407345575960516,0.45000000000000195,"","",297,0.32623626373626274,0.31646108039132087,0.3148103982828501,0.3173749999999981,"","",297,0.16140109890109847,0.15440238196512038,0.1452420701168608,0.15087499999999934
298,0.44848901098900956,0.4615057422373428,0.44407345575960516,0.45000000000000195,"","",298,0.32692307692307593,0.3126329221607807,0.3148103982828501,0.3163749999999981,"","",298,0.16208791208791165,0.15142492556358914,0.14619604102074818,0.15062499999999931
299,0.44848901098900956,0.4615057422373428,0.44407345575960516,0.45000000000000195,"","",299,0.32554945054944956,0.3113568694172673,0.3143334128309064,0.31549999999999806,"","",299,0.16208791208791165,0.15099957464908467,0.14500357739088895,0.14987499999999937
300,0.44848901098900956,0.4615057422373428,0.44407345575960516,0.45000000000000195,"","",300,0.3276098901098891,0.31348362398978963,0.3148103982828501,0.3167499999999981,"","",300,0.16208791208791165,0.15355168013611145,0.14452659193894526,0.15037499999999937
301,0.44848901098900956,0.4615057422373428,0.44407345575960516,0.45000000000000195,"","",301,0.32623626373626274,0.3113568694172673,0.3193417600763157,0.31824999999999826,"","",301,0.16071428571428528,0.1518502764780936,0.14667302647269187,0.15074999999999933
302,0.44848901098900956,0.4615057422373428,0.44407345575960516,0.45000000000000195,"","",302,0.32692307692307593,0.31305827307528517,0.3193417600763157,0.31887499999999824,"","",302,0.1641483516483512,0.153126329221607,0.14619604102074818,0.15149999999999933
303,0.44848901098900956,0.4615057422373428,0.44407345575960516,0.45000000000000195,"","",303,0.32142857142857045,0.31688643130582533,0.32148819461006256,0.32012499999999827,"","",303,0.16208791208791165,0.15610378562313823,0.1473885046506074,0.15262499999999926
304,0.44848901098900956,0.4615057422373428,0.44407345575960516,0.45000000000000195,"","",304,0.32211538461538364,0.31901318587834765,0.3210112091581188,0.3206249999999983,"","",304,0.16140109890109847,0.15610378562313823,0.14810398282852294,0.15287499999999926
305,0.44848901098900956,0.4615057422373428,0.44407345575960516,0.45000000000000195,"","",305,0.3241758241758232,0.3173117822203298,0.32053422370617507,0.32024999999999826,"","",305,0.16208791208791165,0.15440238196512038,0.14810398282852294,0.15249999999999925
306,0.44848901098900956,0.4615057422373428,0.44407345575960516,0.45000000000000195,"","",306,0.32623626373626274,0.3194385367928521,0.31981874552825945,0.3208749999999982,"","",306,0.16140109890109847,0.15610378562313823,0.14762699737657925,0.15262499999999926
307,0.44848901098900956,0.4615057422373428,0.44407345575960516,0.45000000000000195,"","",307,0.3248626373626364,0.3185878349638432,0.31981874552825945,0.3203749999999982,"","",307,0.15865384615384573,0.1552530837941293,0.14810398282852294,0.15212499999999926
308,0.44848901098900956,0.4615057422373428,0.44407345575960516,0.45000000000000195,"","",308,0.32623626373626274,0.3185878349638432,0.32148819461006256,0.3214999999999983,"","",308,0.15659340659340618,0.15482773287962484,0.14905795373241032,0.15212499999999923
309,0.44848901098900956,0.4615057422373428,0.44407345575960516,0.45000000000000195,"","",309,0.32623626373626274,0.3198638877073566,0.32172668733603443,0.3219999999999983,"","",309,0.15659340659340618,0.15780518928115608,0.14977343191032585,0.1533749999999992
310,0.44848901098900956,0.4615057422373428,0.44407345575960516,0.45000000000000195,"","",310,0.32554945054944956,0.32113994045086997,0.32315764369186567,0.3229999999999983,"","",310,0.15728021978021936,0.15908124202466947,0.1504889100882414,0.15424999999999917
311,0.44848901098900956,0.4615057422373428,0.44407345575960516,0.45000000000000195,"","",311,0.32554945054944956,0.3181624840493387,0.3212497018840907,0.3211249999999983,"","",311,0.15659340659340618,0.15737983836665162,0.14977343191032585,0.1532499999999992
312,0.44848901098900956,0.4615057422373428,0.44407345575960516,0.45000000000000195,"","",312,0.32554945054944956,0.31688643130582533,0.3212497018840907,0.3207499999999983,"","",312,0.155906593406593,0.15823054019566055,0.15072740281421323,0.1538749999999992
313,0.44848901098900956,0.4615057422373428,0.44407345575960516,0.45000000000000195,"","",313,0.32348901098901,0.3126329221607807,0.32077271643214694,0.3188749999999983,"","",313,0.15659340659340618,0.15610378562313823,0.149534939184354,0.1527499999999992
314,0.44848901098900956,0.4615057422373428,0.44407345575960516,0.45000000000000195,"","",314,0.3241758241758232,0.3113568694172673,0.32148819461006256,0.3189999999999983,"","",314,0.155906593406593,0.15567843470863377,0.14929644645838216,0.1523749999999992
315,0.44848901098900956,0.4615057422373428,0.44407345575960516,0.45000000000000195,"","",315,0.3282967032967023,0.3100808166737539,0.32077271643214694,0.3189999999999983,"","",315,0.15865384615384573,0.15397703105061591,0.14929644645838216,0.1523749999999992
316,0.44848901098900956,0.4615057422373428,0.44407345575960516,0.45000000000000195,"","",316,0.32623626373626274,0.314759676733303,0.3210112091581188,0.32012499999999827,"","",316,0.16140109890109847,0.15567843470863377,0.1473885046506074,0.15237499999999926
317,0.44848901098900956,0.4615057422373428,0.44407345575960516,0.45000000000000195,"","",317,0.3289835164835155,0.31646108039132087,0.3200572382542313,0.3206249999999982,"","",317,0.1641483516483512,0.1552530837941293,0.14715001192463556,0.1526249999999993
318,0.44848901098900956,0.4615057422373428,0.44407345575960516,0.45000000000000195,"","",318,0.32967032967032867,0.32028923862186104,0.3210112091581188,0.3223749999999983,"","",318,0.1641483516483512,0.15695448745214716,0.14834247555449478,0.15374999999999922
319,0.44848901098900956,0.4615057422373428,0.44407345575960516,0.45000000000000195,"","",319,0.33104395604395503,0.3219906422798789,0.32339613641783754,0.3243749999999983,"","",319,0.1648351648351644,0.15737983836665162,0.14977343191032585,0.1547499999999992
320,0.44848901098900956,0.4615057422373428,0.44407345575960516,0.45000000000000195,"","",320,0.32967032967032867,0.3185878349638432,0.3238731218697813,0.32337499999999836,"","",320,0.16208791208791165,0.15610378562313823,0.14834247555449478,0.15312499999999923
321,0.44848901098900956,0.4615057422373428,0.44407345575960516,0.45000000000000195,"","",321,0.3379120879120869,0.31561037856231194,0.32244216551395005,0.3232499999999983,"","",321,0.16689560439560394,0.15440238196512038,0.14810398282852294,0.15337499999999926
322,0.44848901098900956,0.4615057422373428,0.44407345575960516,0.45000000000000195,"","",322,0.33516483516483414,0.314759676733303,0.3229191509658938,0.3227499999999983,"","",322,0.16689560439560394,0.1552530837941293,0.14905795373241032,0.15412499999999923
323,0.44848901098900956,0.4615057422373428,0.44407345575960516,0.45000000000000195,"","",323,0.3379120879120869,0.3139089749042941,0.32339613641783754,0.32324999999999837,"","",323,0.1682692307692303,0.15397703105061591,0.149534939184354,0.1542499999999992
324,0.44848901098900956,0.4615057422373428,0.44407345575960516,0.45000000000000195,"","",324,0.3365384615384605,0.3139089749042941,0.3222036727879782,0.3223749999999983,"","",324,0.16758241758241713,0.1518502764780936,0.14929644645838216,0.1533749999999992
325,0.44848901098900956,0.4615057422373428,0.44407345575960516,0.45000000000000195,"","",325,0.33516483516483414,0.31688643130582533,0.32148819461006256,0.3226249999999983,"","",325,0.16689560439560394,0.15482773287962484,0.14881946100643847,0.15387499999999923
326,0.44848901098900956,0.4615057422373428,0.44407345575960516,0.45000000000000195,"","",326,0.3324175824175814,0.3185878349638432,0.3245886000476969,0.32424999999999843,"","",326,0.16277472527472484,0.15610378562313823,0.14977343191032585,0.1539999999999992
327,0.44848901098900956,0.4615057422373428,0.44407345575960516,0.45000000000000195,"","",327,0.3317307692307682,0.32156529136537443,0.32601955640352814,0.32574999999999843,"","",327,0.16208791208791165,0.158655891110165,0.1500119246362977,0.1547499999999992
328,0.44848901098900956,0.4615057422373428,0.44407345575960516,0.45000000000000195,"","",328,0.32967032967032867,0.3241173968524012,0.3253040782256125,0.32574999999999843,"","",328,0.16277472527472484,0.1599319438536784,0.1504889100882414,0.15549999999999917
329,0.44848901098900956,0.4615057422373428,0.44407345575960516,0.45000000000000195,"","",329,0.3289835164835155,0.3219906422798789,0.32339613641783754,0.3239999999999983,"","",329,0.16277472527472484,0.15950659293917394,0.14905795373241032,0.1546249999999992
330,0.44848901098900956,0.4615057422373428,0.44407345575960516,0.45000000000000195,"","",330,0.3248626373626364,0.3219906422798789,0.32578106367755627,0.3244999999999984,"","",330,0.15865384615384573,0.15908124202466947,0.14905795373241032,0.1537499999999992
331,0.44848901098900956,0.4615057422373428,0.44407345575960516,0.45000000000000195,"","",331,0.3289835164835155,0.3207145895363655,0.3262580491295,0.3251249999999984,"","",331,0.1641483516483512,0.15737983836665162,0.14929644645838216,0.1543749999999992
332,0.44848901098900956,0.4615057422373428,0.44407345575960516,0.45000000000000195,"","",332,0.3289835164835155,0.3198638877073566,0.3255425709515844,0.3244999999999984,"","",332,0.16277472527472484,0.15482773287962484,0.14810398282852294,0.15274999999999925
333,0.44848901098900956,0.4615057422373428,0.44407345575960516,0.45000000000000195,"","",333,0.32692307692307593,0.3185878349638432,0.3262580491295,0.3241249999999984,"","",333,0.16140109890109847,0.15482773287962484,0.1473885046506074,0.15212499999999926
334,0.44848901098900956,0.4615057422373428,0.44407345575960516,0.45000000000000195,"","",334,0.32692307692307593,0.3219906422798789,0.3272120200333875,0.32562499999999844,"","",334,0.1600274725274721,0.15737983836665162,0.14858096828046663,0.15324999999999922
335,0.44848901098900956,0.4615057422373428,0.44407345575960516,0.45000000000000195,"","",335,0.32554945054944956,0.3253934495959146,0.3272120200333875,0.32637499999999847,"","",335,0.15865384615384573,0.15950659293917394,0.1500119246362977,0.1543749999999992
336,0.44848901098900956,0.4615057422373428,0.44407345575960516,0.45000000000000195,"","",336,0.32348901098901,0.32454274776690567,0.3262580491295,0.32524999999999843,"","",336,0.155906593406593,0.16163334751169625,0.15120438826615692,0.15512499999999915
337,0.44848901098900956,0.4615057422373428,0.44407345575960516,0.45000000000000195,"","",337,0.3248626373626364,0.3241173968524012,0.3264965418554719,0.3254999999999984,"","",337,0.15728021978021936,0.1612079965971918,0.15096589554018508,0.15512499999999915
338,0.44848901098900956,0.4615057422373428,0.44407345575960516,0.45000000000000195,"","",338,0.32623626373626274,0.32454274776690567,0.3264965418554719,0.3258749999999984,"","",338,0.15728021978021936,0.16205869842620071,0.15025041736226954,0.1549999999999992
339,0.44848901098900956,0.4615057422373428,0.44407345575960516,0.45000000000000195,"","",339,0.32554945054944956,0.32113994045086997,0.3272120200333875,0.32512499999999844,"","",339,0.15659340659340618,0.158655891110165,0.15072740281421323,0.1541249999999992
340,0.44848901098900956,0.4615057422373428,0.44407345575960516,0.45000000000000195,"","",340,0.33035714285714185,0.32028923862186104,0.3264965418554719,0.3253749999999984,"","",340,0.16071428571428528,0.1565291365376427,0.14905795373241032,0.1533749999999992
341,0.44848901098900956,0.4615057422373428,0.44407345575960516,0.45000000000000195,"","",341,0.32967032967032867,0.32113994045086997,0.32935845456713436,0.3269999999999985,"","",341,0.16208791208791165,0.15567843470863377,0.15072740281421323,0.1542499999999992
342,0.44848901098900956,0.4615057422373428,0.44407345575960516,0.45000000000000195,"","",342,0.3289835164835155,0.3207145895363655,0.3291199618411625,0.3266249999999985,"","",342,0.1593406593406589,0.15610378562313823,0.15096589554018508,0.15399999999999914
343,0.44848901098900956,0.4615057422373428,0.44407345575960516,0.45000000000000195,"","",343,0.32348901098901,0.3219906422798789,0.33007393274505,0.3264999999999985,"","",343,0.155906593406593,0.15695448745214716,0.15191986644407246,0.15412499999999915
344,0.44848901098900956,0.4615057422373428,0.44407345575960516,0.45000000000000195,"","",344,0.3282967032967023,0.32241599319438335,0.32840448366324687,0.32662499999999844,"","",344,0.15728021978021936,0.1565291365376427,0.15096589554018508,0.15374999999999914
345,0.44848901098900956,0.4615057422373428,0.44407345575960516,0.45000000000000195,"","",345,0.32623626373626274,0.3232666950233923,0.32864297638921874,0.3266249999999985,"","",345,0.1552197802197798,0.15823054019566055,0.15072740281421323,0.1537499999999992
346,0.44848901098900956,0.4615057422373428,0.44407345575960516,0.45000000000000195,"","",346,0.32692307692307593,0.32369204593789674,0.32768900548533125,0.32637499999999847,"","",346,0.15453296703296662,0.15780518928115608,0.15072740281421323,0.1534999999999992
347,0.44848901098900956,0.4615057422373428,0.44407345575960516,0.45000000000000195,"","",347,0.32692307692307593,0.3275202041684369,0.32840448366324687,0.32787499999999853,"","",347,0.15247252747252707,0.15908124202466947,0.15191986644407246,0.15412499999999915
348,0.44848901098900956,0.4615057422373428,0.44407345575960516,0.45000000000000195,"","",348,0.32623626373626274,0.32581880051041906,0.33102790364893747,0.32862499999999856,"","",348,0.15384615384615344,0.15695448745214716,0.15358931552587538,0.1546249999999991
349,0.44848901098900956,0.4615057422373428,0.44407345575960516,0.45000000000000195,"","",349,0.32074175824175727,0.3275202041684369,0.33198187455282496,0.3286249999999986,"","",349,0.1510989010989007,0.15737983836665162,0.15454328642976276,0.15474999999999908
350,0.44848901098900956,0.4615057422373428,0.44407345575960516,0.45000000000000195,"","",350,0.32211538461538364,0.32369204593789674,0.3326973527307406,0.3281249999999986,"","",350,0.15384615384615344,0.15440238196512038,0.15645122823753752,0.15537499999999904
351,0.44848901098900956,0.4615057422373428,0.44407345575960516,0.45000000000000195,"","",351,0.32211538461538364,0.32454274776690567,0.33198187455282496,0.3279999999999986,"","",351,0.15453296703296662,0.1552530837941293,0.15502027188170645,0.15499999999999906
352,0.44848901098900956,0.4615057422373428,0.44407345575960516,0.45000000000000195,"","",352,0.32142857142857045,0.3262441514249235,0.3326973527307406,0.32874999999999865,"","",352,0.15659340659340618,0.15780518928115608,0.15573575005962198,0.15649999999999903
353,0.44848901098900956,0.4615057422373428,0.44407345575960516,0.45000000000000195,"","",353,0.32554945054944956,0.32837090599744584,0.33031242547102185,0.32887499999999853,"","",353,0.1600274725274721,0.1599319438536784,0.15502027188170645,0.15737499999999904
354,0.44848901098900956,0.4615057422373428,0.44407345575960516,0.45000000000000195,"","",354,0.3317307692307682,0.326669502339428,0.3279274982113031,0.3282499999999985,"","",354,0.16552197802197757,0.15695448745214716,0.15191986644407246,0.15587499999999915
355,0.44848901098900956,0.4615057422373428,0.44407345575960516,0.45000000000000195,"","",355,0.33447802197802096,0.33049766056996815,0.32935845456713436,0.3306249999999985,"","",355,0.1648351648351644,0.1599319438536784,0.15311233007393169,0.15724999999999908
356,0.44848901098900956,0.4615057422373428,0.44407345575960516,0.45000000000000195,"","",356,0.3413461538461528,0.33177371331348154,0.32864297638921874,0.3318749999999985,"","",356,0.1682692307692303,0.15908124202466947,0.15287383734795984,0.15749999999999909
357,0.44848901098900956,0.4615057422373428,0.44407345575960516,0.45000000000000195,"","",357,0.33859890109890006,0.3300723096554637,0.33007393274505,0.3316249999999985,"","",357,0.16552197802197757,0.15780518928115608,0.152635344621988,0.1564999999999991
358,0.44848901098900956,0.4615057422373428,0.44407345575960516,0.45000000000000195,"","",358,0.3372252747252737,0.332199064227986,0.3315048891008812,0.3327499999999986,"","",358,0.1641483516483512,0.158655891110165,0.15382780825184722,0.1571249999999991
359,0.44848901098900956,0.4615057422373428,0.44407345575960516,0.45000000000000195,"","",359,0.3331043956043946,0.332199064227986,0.3307894109229656,0.3316249999999985,"","",359,0.16208791208791165,0.158655891110165,0.1543047937037909,0.15699999999999908
360,0.44848901098900956,0.4615057422373428,0.44407345575960516,0.45000000000000195,"","",360,0.33104395604395503,0.3334751169714994,0.3305509181969937,0.3314999999999985,"","",360,0.16208791208791165,0.15780518928115608,0.15335082279990353,0.15624999999999908
361,0.44848901098900956,0.4615057422373428,0.44407345575960516,0.45000000000000195,"","",361,0.32623626373626274,0.332199064227986,0.3326973527307406,0.33137499999999864,"","",361,0.1593406593406589,0.15780518928115608,0.1543047937037909,0.15624999999999908
362,0.44848901098900956,0.4615057422373428,0.44407345575960516,0.45000000000000195,"","",362,0.32554945054944956,0.332199064227986,0.3305509181969937,0.3301249999999985,"","",362,0.1593406593406589,0.1565291365376427,0.1543047937037909,0.1558749999999991
363,0.44848901098900956,0.4615057422373428,0.44407345575960516,0.45000000000000195,"","",363,0.32142857142857045,0.33262441514249047,0.3326973527307406,0.3306249999999986,"","",363,0.15659340659340618,0.15780518928115608,0.15573575005962198,0.15649999999999903
364,0.44848901098900956,0.4615057422373428,0.44407345575960516,0.45000000000000195,"","",364,0.32692307692307593,0.3287962569119503,0.3324588600047687,0.33037499999999864,"","",364,0.15728021978021936,0.1552530837941293,0.15454328642976276,0.15524999999999908
365,0.44848901098900956,0.4615057422373428,0.44407345575960516,0.45000000000000195,"","",365,0.3248626373626364,0.3262441514249235,0.3341283090865718,0.33012499999999867,"","",365,0.15728021978021936,0.15482773287962484,0.15668972096350936,0.15624999999999903
366,0.44848901098900956,0.4615057422373428,0.44407345575960516,0.45000000000000195,"","",366,0.32348901098901,0.3287962569119503,0.3367517290722624,0.33199999999999874,"","",366,0.15315934065934025,0.15610378562313823,0.15883615549725597,0.15699999999999897
367,0.44848901098900956,0.4615057422373428,0.44407345575960516,0.45000000000000195,"","",367,0.32211538461538364,0.33049766056996815,0.3360362508943468,0.33187499999999875,"","",367,0.15315934065934025,0.15780518928115608,0.15788218459336859,0.15699999999999897
368,0.44848901098900956,0.4615057422373428,0.44407345575960516,0.45000000000000195,"","",368,0.3248626373626364,0.33049766056996815,0.33555926544240305,0.33212499999999867,"","",368,0.1552197802197798,0.158655891110165,0.15716670641545305,0.157249999999999
369,0.44848901098900956,0.4615057422373428,0.44407345575960516,0.45000000000000195,"","",369,0.32692307692307593,0.3262441514249235,0.33555926544240305,0.33124999999999877,"","",369,0.1552197802197798,0.1552530837941293,0.15668972096350936,0.15599999999999903
370,0.44848901098900956,0.4615057422373428,0.44407345575960516,0.45000000000000195,"","",370,0.32692307692307593,0.33049766056996815,0.3353207727164312,0.3323749999999987,"","",370,0.15659340659340618,0.158655891110165,0.1552587646076783,0.15649999999999906
371,0.44848901098900956,0.4615057422373428,0.44407345575960516,0.45000000000000195,"","",371,0.32692307692307593,0.3262441514249235,0.3331743381826843,0.32999999999999863,"","",371,0.15453296703296662,0.1565291365376427,0.15358931552587538,0.1546249999999991
372,0.44848901098900956,0.4615057422373428,0.44407345575960516,0.45000000000000195,"","",372,0.3282967032967023,0.32454274776690567,0.33102790364893747,0.3286249999999985,"","",372,0.15728021978021936,0.15482773287962484,0.15239685189601615,0.15399999999999914
373,0.44848901098900956,0.4615057422373428,0.44407345575960516,0.45000000000000195,"","",373,0.32692307692307593,0.32454274776690567,0.33222036727879684,0.3289999999999986,"","",373,0.15796703296703254,0.15355168013611145,0.15311233007393169,0.15412499999999912
374,0.44848901098900956,0.4615057422373428,0.44407345575960516,0.45000000000000195,"","",374,0.32623626373626274,0.326669502339428,0.33365132363462807,0.33024999999999866,"","",374,0.15865384615384573,0.15397703105061591,0.1547817791557346,0.15524999999999908
375,0.44848901098900956,0.4615057422373428,0.44407345575960516,0.45000000000000195,"","",375,0.3248626373626364,0.3262441514249235,0.33222036727879684,0.3291249999999986,"","",375,0.1552197802197798,0.15270097830710253,0.15454328642976276,0.1541249999999991
376,0.44848901098900956,0.4615057422373428,0.44407345575960516,0.45000000000000195,"","",376,0.3241758241758232,0.3309230114844726,0.33102790364893747,0.32974999999999854,"","",376,0.15384615384615344,0.15482773287962484,0.15335082279990353,0.1538749999999991
377,0.44848901098900956,0.4615057422373428,0.44407345575960516,0.45000000000000195,"","",377,0.3248626373626364,0.3343258188005083,0.3331743381826843,0.33199999999999863,"","",377,0.15384615384615344,0.1565291365376427,0.15502027188170645,0.15524999999999906
378,0.44848901098900956,0.4615057422373428,0.44407345575960516,0.45000000000000195,"","",378,0.32348901098901,0.33730327520203957,0.3317433818268531,0.3318749999999986,"","",378,0.15247252747252707,0.158655891110165,0.1543047937037909,0.15524999999999908
379,0.44848901098900956,0.4615057422373428,0.44407345575960516,0.45000000000000195,"","",379,0.3276098901098891,0.3360272224585262,0.33293584545671245,0.33287499999999864,"","",379,0.15384615384615344,0.15950659293917394,0.1543047937037909,0.15574999999999908
380,0.44848901098900956,0.4615057422373428,0.44407345575960516,0.45000000000000195,"","",380,0.3282967032967023,0.33645257337303064,0.33031242547102185,0.33174999999999855,"","",380,0.15384615384615344,0.158655891110165,0.15311233007393169,0.15487499999999912
381,0.44848901098900956,0.4615057422373428,0.44407345575960516,0.45000000000000195,"","",381,0.32554945054944956,0.3368779242875351,0.33102790364893747,0.33174999999999855,"","",381,0.15384615384615344,0.15950659293917394,0.1543047937037909,0.15574999999999908
382,0.44848901098900956,0.4615057422373428,0.44407345575960516,0.45000000000000195,"","",382,0.32348901098901,0.3368779242875351,0.32864297638921874,0.33012499999999845,"","",382,0.1510989010989007,0.15950659293917394,0.1521583591700443,0.15412499999999915
383,0.44848901098900956,0.4615057422373428,0.44407345575960516,0.45000000000000195,"","",383,0.3276098901098891,0.33177371331348154,0.3307894109229656,0.3304999999999985,"","",383,0.1552197802197798,0.1552530837941293,0.15382780825184722,0.15449999999999908
384,0.44848901098900956,0.4615057422373428,0.44407345575960516,0.45000000000000195,"","",384,0.3241758241758232,0.3300723096554637,0.33126639637490934,0.3296249999999985,"","",384,0.15247252747252707,0.15440238196512038,0.15287383734795984,0.1532499999999991
385,0.44848901098900956,0.4615057422373428,0.44407345575960516,0.45000000000000195,"","",385,0.3241758241758232,0.32922160782645477,0.3305509181969937,0.3289999999999985,"","",385,0.15453296703296662,0.1552530837941293,0.152635344621988,0.15374999999999914
386,0.44848901098900956,0.4615057422373428,0.44407345575960516,0.45000000000000195,"","",386,0.32211538461538364,0.33304976605699493,0.33126639637490934,0.3301249999999985,"","",386,0.15247252747252707,0.15610378562313823,0.15239685189601615,0.15349999999999914
387,0.44848901098900956,0.4615057422373428,0.44407345575960516,0.45000000000000195,"","",387,0.3228021978021968,0.33177371331348154,0.3317433818268531,0.33012499999999856,"","",387,0.15453296703296662,0.15567843470863377,0.15287383734795984,0.1539999999999991
388,0.44848901098900956,0.4615057422373428,0.44407345575960516,0.45000000000000195,"","",388,0.3200549450549441,0.33390046788600386,0.33126639637490934,0.3299999999999985,"","",388,0.15178571428571389,0.15610378562313823,0.15311233007393169,0.1537499999999991
389,0.44848901098900956,0.4615057422373428,0.44407345575960516,0.45000000000000195,"","",389,0.3241758241758232,0.33177371331348154,0.32959694729310623,0.32924999999999854,"","",389,0.15659340659340618,0.15397703105061591,0.15287383734795984,0.15387499999999912
390,0.44848901098900956,0.4615057422373428,0.44407345575960516,0.45000000000000195,"","",390,0.32074175824175727,0.3309230114844726,0.3305509181969937,0.32887499999999853,"","",390,0.15453296703296662,0.1518502764780936,0.15454328642976276,0.15374999999999908
391,0.44848901098900956,0.4615057422373428,0.44407345575960516,0.45000000000000195,"","",391,0.3228021978021968,0.3275202041684369,0.3307894109229656,0.3283749999999986,"","",391,0.155906593406593,0.14972352190557128,0.15573575005962198,0.15399999999999905
392,0.44848901098900956,0.4615057422373428,0.44407345575960516,0.45000000000000195,"","",392,0.32074175824175727,0.3334751169714994,0.32935845456713436,0.3289999999999985,"","",392,0.15384615384615344,0.15142492556358914,0.15573575005962198,0.15412499999999907
393,0.44848901098900956,0.4615057422373428,0.44407345575960516,0.45000000000000195,"","",393,0.32554945054944956,0.3334751169714994,0.3274505127593594,0.3288749999999984,"","",393,0.15659340659340618,0.1518502764780936,0.1543047937037909,0.15399999999999908
394,0.44848901098900956,0.4615057422373428,0.44407345575960516,0.45000000000000195,"","",394,0.32692307692307593,0.3368779242875351,0.32768900548533125,0.33024999999999843,"","",394,0.15453296703296662,0.15397703105061591,0.1543047937037909,0.15424999999999908
395,0.44848901098900956,0.4615057422373428,0.44407345575960516,0.45000000000000195,"","",395,0.32623626373626274,0.3368779242875351,0.3291199618411625,0.33087499999999853,"","",395,0.15384615384615344,0.1552530837941293,0.1547817791557346,0.15474999999999908
396,0.44848901098900956,0.4615057422373428,0.44407345575960516,0.45000000000000195,"","",396,0.3241758241758232,0.33304976605699493,0.33365132363462807,0.33174999999999866,"","",396,0.15384615384615344,0.15482773287962484,0.15573575005962198,0.15512499999999904
397,0.44848901098900956,0.4615057422373428,0.44407345575960516,0.45000000000000195,"","",397,0.3241758241758232,0.332199064227986,0.33460529453851556,0.33199999999999863,"","",397,0.15453296703296662,0.15567843470863377,0.15549725733365014,0.15537499999999904
398,0.44848901098900956,0.4615057422373428,0.44407345575960516,0.45000000000000195,"","",398,0.32348901098901,0.33262441514249047,0.33746720725017804,0.33349999999999874,"","",398,0.15247252747252707,0.15567843470863377,0.15764369186739674,0.156124999999999
399,0.44848901098900956,0.4615057422373428,0.44407345575960516,0.45000000000000195,"","",399,0.3228021978021968,0.3300723096554637,0.33818268542809365,0.33299999999999874,"","",399,0.15247252747252707,0.1552530837941293,0.15812067731934043,0.15624999999999897
400,0.44848901098900956,0.4615057422373428,0.44407345575960516,0.45000000000000195,"","",400,0.32211538461538364,0.3279455550829414,0.3353207727164312,0.33074999999999877,"","",400,0.15384615384615344,0.15270097830710253,0.15645122823753752,0.15487499999999904
401,0.44848901098900956,0.4615057422373428,0.44407345575960516,0.45000000000000195,"","",401,0.3228021978021968,0.33262441514249047,0.33484378726448744,0.3319999999999987,"","",401,0.15315934065934025,0.15440238196512038,0.15764369186739674,0.155874999999999
402,0.44848901098900956,0.4615057422373428,0.44407345575960516,0.45000000000000195,"","",402,0.3248626373626364,0.3313483623989771,0.3331743381826843,0.3311249999999986,"","",402,0.15315934065934025,0.15397703105061591,0.15716670641545305,0.155499999999999
403,0.44848901098900956,0.4615057422373428,0.44407345575960516,0.45000000000000195,"","",403,0.32554945054944956,0.3275202041684369,0.3334128309086562,0.33024999999999866,"","",403,0.15247252747252707,0.15270097830710253,0.15788218459336859,0.155374999999999
404,0.44848901098900956,0.4615057422373428,0.44407345575960516,0.45000000000000195,"","",404,0.3228021978021968,0.3279455550829414,0.3331743381826843,0.32974999999999866,"","",404,0.1510989010989007,0.15397703105061591,0.15621273551156567,0.15462499999999904
405,0.44848901098900956,0.4615057422373428,0.44407345575960516,0.45000000000000195,"","",405,0.32692307692307593,0.32964695874095923,0.33293584545671245,0.33087499999999864,"","",405,0.15384615384615344,0.15482773287962484,0.1547817791557346,0.1546249999999991
406,0.44848901098900956,0.4615057422373428,0.44407345575960516,0.45000000000000195,"","",406,0.32692307692307593,0.3279455550829414,0.33007393274505,0.32887499999999853,"","",406,0.15453296703296662,0.15440238196512038,0.15358931552587538,0.15399999999999908
407,0.44848901098900956,0.4615057422373428,0.44407345575960516,0.45000000000000195,"","",407,0.3248626373626364,0.32837090599744584,0.3262580491295,0.3266249999999984,"","",407,0.15315934065934025,0.15567843470863377,0.15072740281421323,0.1526249999999992
408,0.44848901098900956,0.4615057422373428,0.44407345575960516,0.45000000000000195,"","",408,0.32348901098901,0.3279455550829414,0.3262580491295,0.32624999999999843,"","",408,0.15247252747252707,0.15482773287962484,0.15025041736226954,0.1519999999999992
409,0.44848901098900956,0.4615057422373428,0.44407345575960516,0.45000000000000195,"","",409,0.32211538461538364,0.3262441514249235,0.32840448366324687,0.3266249999999985,"","",409,0.15247252747252707,0.15397703105061591,0.15072740281421323,0.1519999999999992
410,0.44848901098900956,0.4615057422373428,0.44407345575960516,0.45000000000000195,"","",410,0.3193681318681309,0.32369204593789674,0.32673503458144376,0.3244999999999984,"","",410,0.14903846153846115,0.153126329221607,0.15072740281421323,0.1511249999999992
411,0.44848901098900956,0.4615057422373428,0.44407345575960516,0.45000000000000195,"","",411,0.31799450549450453,0.32454274776690567,0.32673503458144376,0.3244999999999984,"","",411,0.1469780219780216,0.15482773287962484,0.14977343191032585,0.15074999999999925
412,0.44848901098900956,0.4615057422373428,0.44407345575960516,0.45000000000000195,"","",412,0.31662087912087816,0.3219906422798789,0.3291199618411625,0.32474999999999854,"","",412,0.1462912087912084,0.153126329221607,0.1504889100882414,0.15049999999999922
413,0.44848901098900956,0.4615057422373428,0.44407345575960516,0.45000000000000195,"","",413,0.3138736263736254,0.3207145895363655,0.328165990937275,0.3233749999999985,"","",413,0.14423076923076886,0.15270097830710253,0.15025041736226954,0.1498749999999992
414,0.44848901098900956,0.4615057422373428,0.44407345575960516,0.45000000000000195,"","",414,0.31730769230769135,0.32709485325393245,0.3288814691151906,0.32624999999999854,"","",414,0.1462912087912084,0.15440238196512038,0.15072740281421323,0.1509999999999992
415,0.44848901098900956,0.4615057422373428,0.44407345575960516,0.45000000000000195,"","",415,0.3152472527472518,0.3262441514249235,0.33293584545671245,0.32774999999999865,"","",415,0.14491758241758204,0.1518502764780936,0.1521583591700443,0.15074999999999913
416,0.44848901098900956,0.4615057422373428,0.44407345575960516,0.45000000000000195,"","",416,0.3186813186813177,0.326669502339428,0.3334128309086562,0.32874999999999865,"","",416,0.1469780219780216,0.15142492556358914,0.15311233007393169,0.15149999999999914
417,0.44848901098900956,0.4615057422373428,0.44407345575960516,0.45000000000000195,"","",417,0.3193681318681309,0.32709485325393245,0.33388981636059994,0.3292499999999987,"","",417,0.1462912087912084,0.1518502764780936,0.15287383734795984,0.15137499999999915
418,0.44848901098900956,0.4615057422373428,0.44407345575960516,0.45000000000000195,"","",418,0.3186813186813177,0.32709485325393245,0.33388981636059994,0.32912499999999867,"","",418,0.14354395604395567,0.15099957464908467,0.152635344621988,0.15049999999999913
419,0.44848901098900956,0.4615057422373428,0.44407345575960516,0.45000000000000195,"","",419,0.3193681318681309,0.326669502339428,0.3324588600047687,0.32837499999999864,"","",419,0.14491758241758204,0.15355168013611145,0.15120438826615692,0.15074999999999922
420,0.44848901098900956,0.4615057422373428,0.44407345575960516,0.45000000000000195,"","",420,0.3193681318681309,0.3262441514249235,0.33126639637490934,0.32762499999999856,"","",420,0.14354395604395567,0.15440238196512038,0.15191986644407246,0.15112499999999915
421,0.44848901098900956,0.4615057422373428,0.44407345575960516,0.45000000000000195,"","",421,0.3145604395604386,0.326669502339428,0.33222036727879684,0.32737499999999864,"","",421,0.14079670329670294,0.15482773287962484,0.15144288099212877,0.15049999999999916
422,0.44848901098900956,0.4615057422373428,0.44407345575960516,0.45000000000000195,"","",422,0.3200549450549441,0.32454274776690567,0.3317433818268531,0.3274999999999986,"","",422,0.14491758241758204,0.153126329221607,0.15120438826615692,0.1506249999999992
423,0.44848901098900956,0.4615057422373428,0.44407345575960516,0.45000000000000195,"","",423,0.32074175824175727,0.3232666950233923,0.33484378726448744,0.32887499999999875,"","",423,0.14972527472527433,0.15397703105061591,0.15382780825184722,0.1531249999999991
424,0.44848901098900956,0.4615057422373428,0.44407345575960516,0.45000000000000195,"","",424,0.32623626373626274,0.32113994045086997,0.33198187455282496,0.32774999999999865,"","",424,0.155906593406593,0.1518502764780936,0.15191986644407246,0.15262499999999915
425,0.44848901098900956,0.4615057422373428,0.44407345575960516,0.45000000000000195,"","",425,0.3248626373626364,0.3241173968524012,0.33126639637490934,0.32799999999999857,"","",425,0.1552197802197798,0.1552530837941293,0.15072740281421323,0.1528749999999992
426,0.44848901098900956,0.4615057422373428,0.44407345575960516,0.45000000000000195,"","",426,0.32211538461538364,0.32241599319438335,0.3315048891008812,0.3271249999999986,"","",426,0.15453296703296662,0.15482773287962484,0.15096589554018508,0.15274999999999916
427,0.44848901098900956,0.4615057422373428,0.44407345575960516,0.45000000000000195,"","",427,0.315934065934065,0.32369204593789674,0.3291199618411625,0.3251249999999985,"","",427,0.14972527472527433,0.15440238196512038,0.15072740281421323,0.1516249999999992
428,0.44848901098900956,0.4615057422373428,0.44407345575960516,0.45000000000000195,"","",428,0.3111263736263727,0.32496809868141013,0.3305509181969937,0.3253749999999986,"","",428,0.14423076923076886,0.15482773287962484,0.15120438826615692,0.1509999999999992
429,0.44848901098900956,0.4615057422373428,0.44407345575960516,0.45000000000000195,"","",429,0.30837912087911995,0.3232666950233923,0.33222036727879684,0.32524999999999865,"","",429,0.14079670329670294,0.15142492556358914,0.15311233007393169,0.15037499999999915
430,0.44848901098900956,0.4615057422373428,0.44407345575960516,0.45000000000000195,"","",430,0.3097527472527463,0.32241599319438335,0.3315048891008812,0.32487499999999864,"","",430,0.14079670329670294,0.15270097830710253,0.15239685189601615,0.15037499999999915
431,0.44848901098900956,0.4615057422373428,0.44407345575960516,0.45000000000000195,"","",431,0.31318681318681224,0.32156529136537443,0.33388981636059994,0.3264999999999987,"","",431,0.1428571428571425,0.15270097830710253,0.1547817791557346,0.15199999999999908
432,0.44848901098900956,0.4615057422373428,0.44407345575960516,0.45000000000000195,"","",432,0.30906593406593313,0.3241173968524012,0.33293584545671245,0.3259999999999986,"","",432,0.14148351648351612,0.15440238196512038,0.15287383734795984,0.15124999999999914
433,0.44848901098900956,0.4615057422373428,0.44407345575960516,0.45000000000000195,"","",433,0.30906593406593313,0.326669502339428,0.3324588600047687,0.3264999999999986,"","",433,0.14354395604395567,0.15440238196512038,0.152635344621988,0.15149999999999914
434,0.44848901098900956,0.4615057422373428,0.44407345575960516,0.45000000000000195,"","",434,0.30837912087911995,0.32964695874095923,0.33031242547102185,0.3261249999999985,"","",434,0.1428571428571425,0.15567843470863377,0.1504889100882414,0.1506249999999992
435,0.44848901098900956,0.4615057422373428,0.44407345575960516,0.45000000000000195,"","",435,0.3056318681318672,0.32837090599744584,0.3305509181969937,0.3253749999999985,"","",435,0.14010989010988975,0.153126329221607,0.14977343191032585,0.14899999999999924
436,0.44848901098900956,0.4615057422373428,0.44407345575960516,0.45000000000000195,"","",436,0.30769230769230677,0.3275202041684369,0.33031242547102185,0.3253749999999985,"","",436,0.14079670329670294,0.15099957464908467,0.15096589554018508,0.1491249999999992
437,0.44848901098900956,0.4615057422373428,0.44407345575960516,0.45000000000000195,"","",437,0.31249999999999906,0.3232666950233923,0.32864297638921874,0.3241249999999985,"","",437,0.14079670329670294,0.1471714164185445,0.15025041736226954,0.14762499999999923
438,0.44848901098900956,0.4615057422373428,0.44407345575960516,0.45000000000000195,"","",438,0.315934065934065,0.3232666950233923,0.3288814691151906,0.3248749999999985,"","",438,0.1421703296703293,0.14802211824755343,0.14977343191032585,0.14787499999999926
439,0.44848901098900956,0.4615057422373428,0.44407345575960516,0.45000000000000195,"","",439,0.31662087912087816,0.3219906422798789,0.32959694729310623,0.3249999999999985,"","",439,0.1421703296703293,0.14759676733304897,0.15072740281421323,0.14824999999999922
440,0.44848901098900956,0.4615057422373428,0.44407345575960516,0.45000000000000195,"","",440,0.31799450549450453,0.3219906422798789,0.32959694729310623,0.32524999999999854,"","",440,0.14079670329670294,0.1484474691620579,0.15096589554018508,0.1483749999999992
441,0.44848901098900956,0.4615057422373428,0.44407345575960516,0.45000000000000195,"","",441,0.31730769230769135,0.32241599319438335,0.3274505127593594,0.32412499999999844,"","",441,0.1421703296703293,0.14632071458953558,0.15025041736226954,0.14762499999999923
442,0.44848901098900956,0.4615057422373428,0.44407345575960516,0.45000000000000195,"","",442,0.3145604395604386,0.3228413441088878,0.32768900548533125,0.32387499999999847,"","",442,0.14148351648351612,0.14632071458953558,0.15096589554018508,0.1478749999999992
443,0.44848901098900956,0.4615057422373428,0.44407345575960516,0.45000000000000195,"","",443,0.31730769230769135,0.32156529136537443,0.32673503458144376,0.3234999999999984,"","",443,0.14560439560439523,0.14589536367503111,0.1504889100882414,0.14824999999999922
444,0.44848901098900956,0.4615057422373428,0.44407345575960516,0.45000000000000195,"","",444,0.31249999999999906,0.32369204593789674,0.32697352730741563,0.32337499999999847,"","",444,0.1421703296703293,0.14674606550404004,0.1500119246362977,0.14762499999999923
445,0.44848901098900956,0.4615057422373428,0.44407345575960516,0.45000000000000195,"","",445,0.3138736263736254,0.3232666950233923,0.3262580491295,0.3231249999999984,"","",445,0.14491758241758204,0.14674606550404004,0.14929644645838216,0.14774999999999927
446,0.44848901098900956,0.4615057422373428,0.44407345575960516,0.45000000000000195,"","",446,0.31249999999999906,0.3253934495959146,0.3255425709515844,0.3231249999999984,"","",446,0.1421703296703293,0.14972352190557128,0.14977343191032585,0.14837499999999923
447,0.44848901098900956,0.4615057422373428,0.44407345575960516,0.45000000000000195,"","",447,0.3145604395604386,0.32837090599744584,0.3255425709515844,0.3243749999999984,"","",447,0.14354395604395567,0.1505742237345802,0.149534939184354,0.14874999999999924
448,0.44848901098900956,0.4615057422373428,0.44407345575960516,0.45000000000000195,"","",448,0.3111263736263727,0.32837090599744584,0.3245886000476969,0.32324999999999837,"","",448,0.13942307692307657,0.15099957464908467,0.1504889100882414,0.1486249999999992
449,0.44848901098900956,0.4615057422373428,0.44407345575960516,0.45000000000000195,"","",449,0.315934065934065,0.32922160782645477,0.32578106367755627,0.3249999999999984,"","",449,0.1421703296703293,0.153126329221607,0.15191986644407246,0.15049999999999913
450,0.44848901098900956,0.4615057422373428,0.44407345575960516,0.45000000000000195,"","",450,0.31318681318681224,0.32964695874095923,0.3238731218697813,0.3236249999999983,"","",450,0.14010989010988975,0.153126329221607,0.15191986644407246,0.15012499999999915
451,0.44848901098900956,0.4615057422373428,0.44407345575960516,0.45000000000000195,"","",451,0.31181318681318587,0.32964695874095923,0.3279274982113031,0.32549999999999846,"","",451,0.1380494505494502,0.15397703105061591,0.15406630097781907,0.1511249999999991
452,0.44848901098900956,0.4615057422373428,0.44407345575960516,0.45000000000000195,"","",452,0.3111263736263727,0.3279455550829414,0.3288814691151906,0.3253749999999985,"","",452,0.13873626373626338,0.153126329221607,0.15454328642976276,0.15124999999999908
453,0.44848901098900956,0.4615057422373428,0.44407345575960516,0.45000000000000195,"","",453,0.31730769230769135,0.32964695874095923,0.33126639637490934,0.32824999999999854,"","",453,0.14010989010988975,0.15270097830710253,0.15502027188170645,0.1516249999999991
454,0.44848901098900956,0.4615057422373428,0.44407345575960516,0.45000000000000195,"","",454,0.3193681318681309,0.3279455550829414,0.32768900548533125,0.3262499999999985,"","",454,0.14010989010988975,0.14972352190557128,0.15168137371810061,0.1489999999999992
455,0.44848901098900956,0.4615057422373428,0.44407345575960516,0.45000000000000195,"","",455,0.3200549450549441,0.3287962569119503,0.32864297638921874,0.32712499999999844,"","",455,0.14079670329670294,0.14972352190557128,0.152635344621988,0.14962499999999915
456,0.44848901098900956,0.4615057422373428,0.44407345575960516,0.45000000000000195,"","",456,0.32348901098901,0.3262441514249235,0.3253040782256125,0.32524999999999843,"","",456,0.14354395604395567,0.1471714164185445,0.15072740281421323,0.1483749999999992
457,0.44848901098900956,0.4615057422373428,0.44407345575960516,0.45000000000000195,"","",457,0.3241758241758232,0.3300723096554637,0.32506558549964065,0.32637499999999836,"","",457,0.1421703296703293,0.15014887282007575,0.15144288099212877,0.14937499999999918
458,0.44848901098900956,0.4615057422373428,0.44407345575960516,0.45000000000000195,"","",458,0.315934065934065,0.3279455550829414,0.3255425709515844,0.3244999999999984,"","",458,0.13942307692307657,0.1505742237345802,0.15239685189601615,0.14949999999999913
459,0.44848901098900956,0.4615057422373428,0.44407345575960516,0.45000000000000195,"","",459,0.31799450549450453,0.3309230114844726,0.32673503458144376,0.3263749999999984,"","",459,0.1428571428571425,0.15270097830710253,0.15382780825184722,0.15149999999999908
460,0.44848901098900956,0.4615057422373428,0.44407345575960516,0.45000000000000195,"","",460,0.3186813186813177,0.33304976605699493,0.3262580491295,0.3268749999999984,"","",460,0.14423076923076886,0.1552530837941293,0.1521583591700443,0.15162499999999915
461,0.44848901098900956,0.4615057422373428,0.44407345575960516,0.45000000000000195,"","",461,0.31662087912087816,0.33177371331348154,0.3288814691151906,0.3274999999999985,"","",461,0.1421703296703293,0.1552530837941293,0.15287383734795984,0.15162499999999915
462,0.44848901098900956,0.4615057422373428,0.44407345575960516,0.45000000000000195,"","",462,0.315934065934065,0.3300723096554637,0.32697352730741563,0.3258749999999984,"","",462,0.14148351648351612,0.15440238196512038,0.1504889100882414,0.14999999999999922
463,0.44848901098900956,0.4615057422373428,0.44407345575960516,0.45000000000000195,"","",463,0.3186813186813177,0.332199064227986,0.32768900548533125,0.3273749999999984,"","",463,0.1428571428571425,0.15567843470863377,0.15096589554018508,0.1508749999999992
464,0.44848901098900956,0.4615057422373428,0.44407345575960516,0.45000000000000195,"","",464,0.3145604395604386,0.3309230114844726,0.3291199618411625,0.3269999999999985,"","",464,0.1421703296703293,0.15567843470863377,0.15382780825184722,0.15224999999999908
465,0.44848901098900956,0.4615057422373428,0.44407345575960516,0.45000000000000195,"","",465,0.31181318681318587,0.33049766056996815,0.3253040782256125,0.3243749999999984,"","",465,0.14079670329670294,0.15397703105061591,0.15191986644407246,0.15049999999999913
466,0.44848901098900956,0.4615057422373428,0.44407345575960516,0.45000000000000195,"","",466,0.31181318681318587,0.33390046788600386,0.32411161459575316,0.3247499999999983,"","",466,0.13873626373626338,0.1565291365376427,0.15287383734795984,0.15137499999999915
467,0.44848901098900956,0.4615057422373428,0.44407345575960516,0.45000000000000195,"","",467,0.3111263736263727,0.33262441514249047,0.3245886000476969,0.32449999999999835,"","",467,0.13942307692307657,0.1565291365376427,0.15287383734795984,0.15149999999999914
468,0.44848901098900956,0.4615057422373428,0.44407345575960516,0.45000000000000195,"","",468,0.31181318681318587,0.33262441514249047,0.3219651800620063,0.3232499999999983,"","",468,0.14079670329670294,0.1552530837941293,0.15168137371810061,0.15074999999999916
469,0.44848901098900956,0.4615057422373428,0.44407345575960516,0.45000000000000195,"","",469,0.31249999999999906,0.33304976605699493,0.32339613641783754,0.3242499999999983,"","",469,0.14079670329670294,0.15440238196512038,0.152635344621988,0.15099999999999913
470,0.44848901098900956,0.4615057422373428,0.44407345575960516,0.45000000000000195,"","",470,0.3152472527472518,0.33177371331348154,0.32244216551395005,0.3238749999999983,"","",470,0.14148351648351612,0.15227562739259806,0.15239685189601615,0.15037499999999915
471,0.44848901098900956,0.4615057422373428,0.44407345575960516,0.45000000000000195,"","",471,0.3152472527472518,0.3262441514249235,0.3226806582399219,0.3223749999999983,"","",471,0.14354395604395567,0.1484474691620579,0.15144288099212877,0.1491249999999992
472,0.44848901098900956,0.4615057422373428,0.44407345575960516,0.45000000000000195,"","",472,0.31662087912087816,0.32581880051041906,0.3222036727879782,0.3222499999999983,"","",472,0.14423076923076886,0.14802211824755343,0.15120438826615692,0.14899999999999922
473,0.44848901098900956,0.4615057422373428,0.44407345575960516,0.45000000000000195,"","",473,0.31662087912087816,0.3262441514249235,0.32148819461006256,0.3219999999999983,"","",473,0.14423076923076886,0.14802211824755343,0.1500119246362977,0.14837499999999923
474,0.44848901098900956,0.4615057422373428,0.44407345575960516,0.45000000000000195,"","",474,0.31318681318681224,0.3279455550829414,0.3229191509658938,0.3226249999999983,"","",474,0.14148351648351612,0.14972352190557128,0.15144288099212877,0.14912499999999917
475,0.44848901098900956,0.4615057422373428,0.44407345575960516,0.45000000000000195,"","",475,0.31799450549450453,0.3313483623989771,0.3226806582399219,0.3243749999999983,"","",475,0.14491758241758204,0.1518502764780936,0.15287383734795984,0.15112499999999915
476,0.44848901098900956,0.4615057422373428,0.44407345575960516,0.45000000000000195,"","",476,0.31249999999999906,0.3343258188005083,0.3238731218697813,0.3248749999999983,"","",476,0.14010989010988975,0.15440238196512038,0.15287383734795984,0.15099999999999913
477,0.44848901098900956,0.4615057422373428,0.44407345575960516,0.45000000000000195,"","",477,0.3145604395604386,0.33390046788600386,0.3248270927736688,0.32562499999999833,"","",477,0.14079670329670294,0.15397703105061591,0.1547817791557346,0.15199999999999908
478,0.44848901098900956,0.4615057422373428,0.44407345575960516,0.45000000000000195,"","",478,0.30906593406593313,0.33262441514249047,0.32435010732172503,0.32399999999999834,"","",478,0.13530219780219746,0.15397703105061591,0.15621273551156567,0.15174999999999902
479,0.44848901098900956,0.4615057422373428,0.44407345575960516,0.45000000000000195,"","",479,0.3056318681318672,0.3347511697150128,0.32339613641783754,0.3234999999999983,"","",479,0.1332417582417579,0.15737983836665162,0.15549725733365014,0.15199999999999905
480,0.44848901098900956,0.4615057422373428,0.44407345575960516,0.45000000000000195,"","",480,0.3056318681318672,0.3313483623989771,0.32339613641783754,0.3224999999999983,"","",480,0.1380494505494502,0.15482773287962484,0.15406630097781907,0.1513749999999991
481,0.44848901098900956,0.4615057422373428,0.44407345575960516,0.45000000000000195,"","",481,0.3097527472527463,0.32922160782645477,0.3272120200333875,0.3246249999999984,"","",481,0.14079670329670294,0.15397703105061591,0.1574051991414249,0.153374999999999
482,0.44848901098900956,0.4615057422373428,0.44407345575960516,0.45000000000000195,"","",482,0.30837912087911995,0.326669502339428,0.3272120200333875,0.32362499999999844,"","",482,0.14010989010988975,0.1505742237345802,0.15549725733365014,0.15124999999999905
483,0.44848901098900956,0.4615057422373428,0.44407345575960516,0.45000000000000195,"","",483,0.3145604395604386,0.32837090599744584,0.3272120200333875,0.32524999999999843,"","",483,0.1469780219780216,0.15099957464908467,0.15382780825184722,0.15174999999999908
484,0.44848901098900956,0.4615057422373428,0.44407345575960516,0.45000000000000195,"","",484,0.31799450549450453,0.3262441514249235,0.32840448366324687,0.3258749999999985,"","",484,0.14835164835164796,0.14759676733304897,0.15597424278559383,0.15212499999999904
485,0.44848901098900956,0.4615057422373428,0.44407345575960516,0.45000000000000195,"","",485,0.32074175824175727,0.3253934495959146,0.3307894109229656,0.3273749999999986,"","",485,0.1469780219780216,0.1471714164185445,0.15788218459336859,0.15274999999999897
486,0.44848901098900956,0.4615057422373428,0.44407345575960516,0.45000000000000195,"","",486,0.3200549450549441,0.3241173968524012,0.32959694729310623,0.32624999999999854,"","",486,0.1462912087912084,0.1471714164185445,0.15573575005962198,0.15149999999999905
487,0.44848901098900956,0.4615057422373428,0.44407345575960516,0.45000000000000195,"","",487,0.31730769230769135,0.32837090599744584,0.328165990937275,0.3262499999999985,"","",487,0.14423076923076886,0.1505742237345802,0.15382780825184722,0.1511249999999991
488,0.44848901098900956,0.4615057422373428,0.44407345575960516,0.45000000000000195,"","",488,0.3111263736263727,0.32496809868141013,0.3253040782256125,0.3226249999999984,"","",488,0.13942307692307657,0.14759676733304897,0.152635344621988,0.14874999999999916
489,0.44848901098900956,0.4615057422373428,0.44407345575960516,0.45000000000000195,"","",489,0.30494505494505403,0.32454274776690567,0.32578106367755627,0.3216249999999984,"","",489,0.13530219780219746,0.14802211824755343,0.15406630097781907,0.14887499999999912
490,0.44848901098900956,0.4615057422373428,0.44407345575960516,0.45000000000000195,"","",490,0.29945054945054855,0.326669502339428,0.32411161459575316,0.32037499999999836,"","",490,0.1332417582417579,0.15014887282007575,0.15287383734795984,0.14849999999999916
491,0.44848901098900956,0.4615057422373428,0.44407345575960516,0.45000000000000195,"","",491,0.3008241758241749,0.32964695874095923,0.32315764369186567,0.3209999999999983,"","",491,0.1339285714285711,0.15099957464908467,0.1521583591700443,0.1484999999999992
492,0.44848901098900956,0.4615057422373428,0.44407345575960516,0.45000000000000195,"","",492,0.30357142857142766,0.3279455550829414,0.32411161459575316,0.32149999999999834,"","",492,0.137362637362637,0.14972352190557128,0.15335082279990353,0.14937499999999912
493,0.44848901098900956,0.4615057422373428,0.44407345575960516,0.45000000000000195,"","",493,0.30769230769230677,0.3253934495959146,0.32601955640352814,0.3224999999999984,"","",493,0.14079670329670294,0.15014887282007575,0.15335082279990353,0.15012499999999912
494,0.44848901098900956,0.4615057422373428,0.44407345575960516,0.45000000000000195,"","",494,0.3104395604395595,0.326669502339428,0.3262580491295,0.3234999999999984,"","",494,0.14148351648351612,0.14972352190557128,0.15144288099212877,0.14912499999999917
495,0.44848901098900956,0.4615057422373428,0.44407345575960516,0.45000000000000195,"","",495,0.31181318681318587,0.32496809868141013,0.3279274982113031,0.3241249999999985,"","",495,0.1421703296703293,0.1471714164185445,0.15358931552587538,0.14962499999999915
496,0.44848901098900956,0.4615057422373428,0.44407345575960516,0.45000000000000195,"","",496,0.31799450549450453,0.3228413441088878,0.3274505127593594,0.32437499999999847,"","",496,0.14491758241758204,0.1450446618460222,0.1543047937037909,0.14987499999999912
497,0.44848901098900956,0.4615057422373428,0.44407345575960516,0.45000000000000195,"","",497,0.3145604395604386,0.3241173968524012,0.3274505127593594,0.32412499999999844,"","",497,0.14354395604395567,0.14802211824755343,0.1543047937037909,0.1504999999999991
498,0.44848901098900956,0.4615057422373428,0.44407345575960516,0.45000000000000195,"","",498,0.30906593406593313,0.32581880051041906,0.32768900548533125,0.3237499999999985,"","",498,0.1421703296703293,0.14929817099106682,0.15597424278559383,0.15149999999999902
499,0.44848901098900956,0.4615057422373428,0.44407345575960516,0.45000000000000195,"","",499,0.31181318681318587,0.3262441514249235,0.3262580491295,0.3236249999999984,"","",499,0.14423076923076886,0.15099957464908467,0.15549725733365014,0.15212499999999907
500,0.44848901098900956,0.4615057422373428,0.44407345575960516,0.45000000000000195,"","",500,0.30906593406593313,0.3275202041684369,0.32601955640352814,0.3233749999999984,"","",500,0.1380494505494502,0.15099957464908467,0.15454328642976276,0.15049999999999908
501,0.44848901098900956,0.4615057422373428,0.44407345575960516,0.45000000000000195,"","",501,0.30494505494505403,0.32964695874095923,0.32506558549964065,0.3227499999999984,"","",501,0.1339285714285711,0.15227562739259806,0.15311233007393169,0.14937499999999915
502,0.44848901098900956,0.4615057422373428,0.44407345575960516,0.45000000000000195,"","",502,0.3063186813186804,0.33177371331348154,0.3262580491295,0.32424999999999843,"","",502,0.1332417582417579,0.15227562739259806,0.15382780825184722,0.14962499999999912
503,0.44848901098900956,0.4615057422373428,0.44407345575960516,0.45000000000000195,"","",503,0.3056318681318672,0.33390046788600386,0.3253040782256125,0.32424999999999843,"","",503,0.1332417582417579,0.153126329221607,0.15335082279990353,0.14962499999999912
504,0.44848901098900956,0.4615057422373428,0.44407345575960516,0.45000000000000195,"","",504,0.3015109890109881,0.3343258188005083,0.3248270927736688,0.3233749999999984,"","",504,0.1291208791208788,0.15270097830710253,0.15382780825184722,0.14899999999999908
505,0.44848901098900956,0.4615057422373428,0.44407345575960516,0.45000000000000195,"","",505,0.30494505494505403,0.33645257337303064,0.32411161459575316,0.3242499999999983,"","",505,0.12980769230769199,0.15355168013611145,0.15454328642976276,0.14974999999999908
506,0.44848901098900956,0.4615057422373428,0.44407345575960516,0.45000000000000195,"","",506,0.3056318681318672,0.3343258188005083,0.32339613641783754,0.3233749999999983,"","",506,0.13118131868131835,0.15355168013611145,0.1552587646076783,0.1503749999999991
507,0.44848901098900956,0.4615057422373428,0.44407345575960516,0.45000000000000195,"","",507,0.3063186813186804,0.33262441514249047,0.3212497018840907,0.32187499999999825,"","",507,0.1339285714285711,0.15270097830710253,0.1521583591700443,0.14899999999999916
508,0.44848901098900956,0.4615057422373428,0.44407345575960516,0.45000000000000195,"","",508,0.30769230769230677,0.33049766056996815,0.32077271643214694,0.3212499999999982,"","",508,0.13186813186813154,0.15227562739259806,0.15168137371810061,0.14824999999999922
509,0.44848901098900956,0.4615057422373428,0.44407345575960516,0.45000000000000195,"","",509,0.31318681318681224,0.3262441514249235,0.32077271643214694,0.32099999999999823,"","",509,0.13461538461538428,0.15014887282007575,0.15144288099212877,0.14799999999999922
510,0.44848901098900956,0.4615057422373428,0.44407345575960516,0.45000000000000195,"","",510,0.31181318681318587,0.3253934495959146,0.32244216551395005,0.3213749999999983,"","",510,0.13667582417582383,0.15142492556358914,0.15168137371810061,0.14887499999999917
511,0.44848901098900956,0.4615057422373428,0.44407345575960516,0.45000000000000195,"","",511,0.3104395604395595,0.3232666950233923,0.32244216551395005,0.3204999999999983,"","",511,0.13461538461538428,0.1484474691620579,0.15096589554018508,0.14724999999999921
512,0.44848901098900956,0.4615057422373428,0.44407345575960516,0.45000000000000195,"","",512,0.31318681318681224,0.3207145895363655,0.3222036727879782,0.32012499999999827,"","",512,0.1332417582417579,0.1484474691620579,0.15072740281421323,0.1468749999999992
513,0.44848901098900956,0.4615057422373428,0.44407345575960516,0.45000000000000195,"","",513,0.315934065934065,0.32241599319438335,0.3210112091581188,0.3204999999999983,"","",513,0.13667582417582383,0.14887282007656236,0.15096589554018508,0.14774999999999922
514,0.44848901098900956,0.4615057422373428,0.44407345575960516,0.45000000000000195,"","",514,0.3138736263736254,0.3219906422798789,0.32077271643214694,0.31987499999999824,"","",514,0.137362637362637,0.14887282007656236,0.15072740281421323,0.14774999999999922
515,0.44848901098900956,0.4615057422373428,0.44407345575960516,0.45000000000000195,"","",515,0.31249999999999906,0.32241599319438335,0.31814929644645634,0.3183749999999982,"","",515,0.13667582417582383,0.14929817099106682,0.149534939184354,0.14712499999999923
516,0.44848901098900956,0.4615057422373428,0.44407345575960516,0.45000000000000195,"","",516,0.31730769230769135,0.3198638877073566,0.31886477462437196,0.3188749999999982,"","",516,0.13942307692307657,0.14887282007656236,0.1504889100882414,0.14799999999999922
517,0.44848901098900956,0.4615057422373428,0.44407345575960516,0.45000000000000195,"","",517,0.315934065934065,0.32369204593789674,0.3193417600763157,0.3199999999999982,"","",517,0.14010989010988975,0.1505742237345802,0.15168137371810061,0.1492499999999992
518,0.44848901098900956,0.4615057422373428,0.44407345575960516,0.45000000000000195,"","",518,0.3145604395604386,0.3207145895363655,0.3193417600763157,0.31887499999999824,"","",518,0.13873626373626338,0.14972352190557128,0.1521583591700443,0.14899999999999916
519,0.44848901098900956,0.4615057422373428,0.44407345575960516,0.45000000000000195,"","",519,0.3138736263736254,0.3207145895363655,0.31886477462437196,0.3184999999999982,"","",519,0.137362637362637,0.1484474691620579,0.15144288099212877,0.14799999999999922
520,0.44848901098900956,0.4615057422373428,0.44407345575960516,0.45000000000000195,"","",520,0.31730769230769135,0.32241599319438335,0.31981874552825945,0.32012499999999816,"","",520,0.13667582417582383,0.14972352190557128,0.15144288099212877,0.1482499999999992
521,0.44848901098900956,0.4615057422373428,0.44407345575960516,0.45000000000000195,"","",521,0.31662087912087816,0.3219906422798789,0.32148819461006256,0.3207499999999983,"","",521,0.13530219780219746,0.15014887282007575,0.15239685189601615,0.14862499999999915
522,0.44848901098900956,0.4615057422373428,0.44407345575960516,0.45000000000000195,"","",522,0.31799450549450453,0.3219906422798789,0.32172668733603443,0.3211249999999983,"","",522,0.1339285714285711,0.1505742237345802,0.15120438826615692,0.1478749999999992
523,0.44848901098900956,0.4615057422373428,0.44407345575960516,0.45000000000000195,"","",523,0.31799450549450453,0.3253934495959146,0.3229191509658938,0.3227499999999983,"","",523,0.1339285714285711,0.153126329221607,0.15120438826615692,0.1486249999999992
524,0.44848901098900956,0.4615057422373428,0.44407345575960516,0.45000000000000195,"","",524,0.3200549450549441,0.3219906422798789,0.32148819461006256,0.3213749999999983,"","",524,0.13461538461538428,0.15227562739259806,0.15168137371810061,0.14874999999999922
525,0.44848901098900956,0.4615057422373428,0.44407345575960516,0.45000000000000195,"","",525,0.3200549450549441,0.32113994045086997,0.3210112091581188,0.3208749999999983,"","",525,0.13461538461538428,0.1505742237345802,0.15096589554018508,0.1478749999999992
526,0.44848901098900956,0.4615057422373428,0.44407345575960516,0.45000000000000195,"","",526,0.31799450549450453,0.32113994045086997,0.32077271643214694,0.32037499999999824,"","",526,0.13186813186813154,0.15227562739259806,0.1500119246362977,0.14737499999999923
527,0.44848901098900956,0.4615057422373428,0.44407345575960516,0.45000000000000195,"","",527,0.3138736263736254,0.32113994045086997,0.32053422370617507,0.3194999999999983,"","",527,0.1291208791208788,0.1518502764780936,0.1500119246362977,0.14674999999999924
528,0.44848901098900956,0.4615057422373428,0.44407345575960516,0.45000000000000195,"","",528,0.31249999999999906,0.3262441514249235,0.3212497018840907,0.3211249999999983,"","",528,0.1291208791208788,0.15397703105061591,0.1504889100882414,0.1476249999999992
529,0.44848901098900956,0.4615057422373428,0.44407345575960516,0.45000000000000195,"","",529,0.31799450549450453,0.3262441514249235,0.32244216551395005,0.3227499999999983,"","",529,0.13186813186813154,0.1552530837941293,0.15072740281421323,0.1486249999999992
530,0.44848901098900956,0.4615057422373428,0.44407345575960516,0.45000000000000195,"","",530,0.315934065934065,0.3241173968524012,0.3248270927736688,0.3229999999999984,"","",530,0.13255494505494472,0.15440238196512038,0.15144288099212877,0.14887499999999917
531,0.44848901098900956,0.4615057422373428,0.44407345575960516,0.45000000000000195,"","",531,0.31662087912087816,0.32496809868141013,0.3253040782256125,0.3236249999999984,"","",531,0.1339285714285711,0.15482773287962484,0.15168137371810061,0.14937499999999918
532,0.44848901098900956,0.4615057422373428,0.44407345575960516,0.45000000000000195,"","",532,0.315934065934065,0.32496809868141013,0.3274505127593594,0.32462499999999844,"","",532,0.13461538461538428,0.15440238196512038,0.15382780825184722,0.15049999999999908
533,0.44848901098900956,0.4615057422373428,0.44407345575960516,0.45000000000000195,"","",533,0.3145604395604386,0.32454274776690567,0.32673503458144376,0.3238749999999984,"","",533,0.1332417582417579,0.15482773287962484,0.15358931552587538,0.1502499999999991
534,0.44848901098900956,0.4615057422373428,0.44407345575960516,0.45000000000000195,"","",534,0.3111263736263727,0.3275202041684369,0.32601955640352814,0.32374999999999843,"","",534,0.1339285714285711,0.153126329221607,0.1543047937037909,0.15024999999999908
535,0.44848901098900956,0.4615057422373428,0.44407345575960516,0.45000000000000195,"","",535,0.3138736263736254,0.32964695874095923,0.32601955640352814,0.3248749999999984,"","",535,0.13461538461538428,0.15567843470863377,0.15454328642976276,0.15124999999999908
536,0.44848901098900956,0.4615057422373428,0.44407345575960516,0.45000000000000195,"","",536,0.31249999999999906,0.3253934495959146,0.32768900548533125,0.3242499999999985,"","",536,0.13461538461538428,0.15227562739259806,0.15597424278559383,0.15099999999999905
537,0.44848901098900956,0.4615057422373428,0.44407345575960516,0.45000000000000195,"","",537,0.3152472527472518,0.32454274776690567,0.3274505127593594,0.32437499999999847,"","",537,0.13598901098901064,0.14929817099106682,0.1543047937037909,0.14949999999999908
538,0.44848901098900956,0.4615057422373428,0.44407345575960516,0.45000000000000195,"","",538,0.3152472527472518,0.32113994045086997,0.32840448366324687,0.3238749999999985,"","",538,0.13530219780219746,0.1471714164185445,0.15358931552587538,0.14837499999999915
539,0.44848901098900956,0.4615057422373428,0.44407345575960516,0.45000000000000195,"","",539,0.3138736263736254,0.31901318587834765,0.32601955640352814,0.3217499999999984,"","",539,0.1332417582417579,0.14759676733304897,0.15144288099212877,0.14699999999999921
540,0.44848901098900956,0.4615057422373428,0.44407345575960516,0.45000000000000195,"","",540,0.3152472527472518,0.31773713313483426,0.3264965418554719,0.32187499999999847,"","",540,0.13461538461538428,0.14674606550404004,0.15191986644407246,0.1472499999999992
541,0.44848901098900956,0.4615057422373428,0.44407345575960516,0.45000000000000195,"","",541,0.31730769230769135,0.31901318587834765,0.32339613641783754,0.3209999999999983,"","",541,0.13461538461538428,0.1484474691620579,0.14929644645838216,0.14637499999999926
542,0.44848901098900956,0.4615057422373428,0.44407345575960516,0.45000000000000195,"","",542,0.3200549450549441,0.31901318587834765,0.3236346291438094,0.32162499999999833,"","",542,0.13461538461538428,0.15142492556358914,0.1500119246362977,0.14762499999999923
543,0.44848901098900956,0.4615057422373428,0.44407345575960516,0.45000000000000195,"","",543,0.3193681318681309,0.32156529136537443,0.32601955640352814,0.3234999999999984,"","",543,0.13598901098901064,0.15270097830710253,0.15191986644407246,0.14924999999999916
544,0.44848901098900956,0.4615057422373428,0.44407345575960516,0.45000000000000195,"","",544,0.3200549450549441,0.3219906422798789,0.3262580491295,0.3238749999999984,"","",544,0.13667582417582383,0.15099957464908467,0.15191986644407246,0.14887499999999915
545,0.44848901098900956,0.4615057422373428,0.44407345575960516,0.45000000000000195,"","",545,0.3152472527472518,0.32454274776690567,0.3255425709515844,0.3233749999999984,"","",545,0.13118131868131835,0.15270097830710253,0.15144288099212877,0.14812499999999917
546,0.44848901098900956,0.4615057422373428,0.44407345575960516,0.45000000000000195,"","",546,0.315934065934065,0.3241173968524012,0.32697352730741563,0.32412499999999844,"","",546,0.13049450549450517,0.15355168013611145,0.15287383734795984,0.14899999999999916
547,0.44848901098900956,0.4615057422373428,0.44407345575960516,0.45000000000000195,"","",547,0.3104395604395595,0.32496809868141013,0.32435010732172503,0.3219999999999984,"","",547,0.12843406593406562,0.153126329221607,0.15120438826615692,0.1476249999999992
548,0.44848901098900956,0.4615057422373428,0.44407345575960516,0.45000000000000195,"","",548,0.31318681318681224,0.32581880051041906,0.32411161459575316,0.32262499999999833,"","",548,0.13255494505494472,0.153126329221607,0.1521583591700443,0.14887499999999915
549,0.44848901098900956,0.4615057422373428,0.44407345575960516,0.45000000000000195,"","",549,0.3111263736263727,0.32581880051041906,0.3238731218697813,0.32212499999999833,"","",549,0.12980769230769199,0.15355168013611145,0.15191986644407246,0.14837499999999915
550,0.44848901098900956,0.4615057422373428,0.44407345575960516,0.45000000000000195,"","",550,0.3145604395604386,0.32454274776690567,0.32435010732172503,0.3226249999999984,"","",550,0.1339285714285711,0.15397703105061591,0.15287383734795984,0.14974999999999913
551,0.44848901098900956,0.4615057422373428,0.44407345575960516,0.45000000000000195,"","",551,0.3145604395604386,0.32581880051041906,0.3255425709515844,0.3236249999999984,"","",551,0.1339285714285711,0.15270097830710253,0.15191986644407246,0.14887499999999915
552,0.44848901098900956,0.4615057422373428,0.44407345575960516,0.45000000000000195,"","",552,0.3138736263736254,0.3219906422798789,0.3274505127593594,0.32337499999999847,"","",552,0.13186813186813154,0.1505742237345802,0.15335082279990353,0.14862499999999915
553,0.44848901098900956,0.4615057422373428,0.44407345575960516,0.45000000000000195,"","",553,0.3145604395604386,0.32156529136537443,0.3255425709515844,0.3223749999999984,"","",553,0.1291208791208788,0.15014887282007575,0.15025041736226954,0.14637499999999923
554,0.44848901098900956,0.4615057422373428,0.44407345575960516,0.45000000000000195,"","",554,0.3193681318681309,0.3207145895363655,0.3236346291438094,0.32199999999999834,"","",554,0.13461538461538428,0.15142492556358914,0.14858096828046663,0.14687499999999926
555,0.44848901098900956,0.4615057422373428,0.44407345575960516,0.45000000000000195,"","",555,0.315934065934065,0.32241599319438335,0.3236346291438094,0.32187499999999836,"","",555,0.13118131868131835,0.15227562739259806,0.14834247555449478,0.14637499999999926
556,0.44848901098900956,0.4615057422373428,0.44407345575960516,0.45000000000000195,"","",556,0.31799450549450453,0.3232666950233923,0.32768900548533125,0.32462499999999844,"","",556,0.13530219780219746,0.15397703105061591,0.15168137371810061,0.14937499999999918
557,0.44848901098900956,0.4615057422373428,0.44407345575960516,0.45000000000000195,"","",557,0.32142857142857045,0.3262441514249235,0.32864297638921874,0.3266249999999985,"","",557,0.13667582417582383,0.15610378562313823,0.15168137371810061,0.15024999999999916
558,0.44848901098900956,0.4615057422373428,0.44407345575960516,0.45000000000000195,"","",558,0.315934065934065,0.32709485325393245,0.32768900548533125,0.32537499999999847,"","",558,0.13530219780219746,0.15823054019566055,0.15191986644407246,0.15074999999999913
559,0.44848901098900956,0.4615057422373428,0.44407345575960516,0.45000000000000195,"","",559,0.3186813186813177,0.32496809868141013,0.33126639637490934,0.32712499999999856,"","",559,0.13530219780219746,0.15737983836665162,0.15454328642976276,0.1518749999999991
560,0.44848901098900956,0.4615057422373428,0.44407345575960516,0.45000000000000195,"","",560,0.3186813186813177,0.3228413441088878,0.33126639637490934,0.32649999999999857,"","",560,0.13530219780219746,0.1552530837941293,0.15406630097781907,0.15099999999999908
561,0.44848901098900956,0.4615057422373428,0.44407345575960516,0.45000000000000195,"","",561,0.3152472527472518,0.32454274776690567,0.3255425709515844,0.3233749999999984,"","",561,0.13049450549450517,0.15440238196512038,0.1500119246362977,0.14774999999999922
562,0.44848901098900956,0.4615057422373428,0.44407345575960516,0.45000000000000195,"","",562,0.31318681318681224,0.3219906422798789,0.32673503458144376,0.3228749999999984,"","",562,0.13049450549450517,0.153126329221607,0.15025041736226954,0.14749999999999922
563,0.44848901098900956,0.4615057422373428,0.44407345575960516,0.45000000000000195,"","",563,0.31181318681318587,0.32156529136537443,0.3279274982113031,0.3231249999999985,"","",563,0.12980769230769199,0.153126329221607,0.15120438826615692,0.1478749999999992
564,0.44848901098900956,0.4615057422373428,0.44407345575960516,0.45000000000000195,"","",564,0.30906593406593313,0.32241599319438335,0.32506558549964065,0.3213749999999984,"","",564,0.12980769230769199,0.15440238196512038,0.14905795373241032,0.14712499999999926
565,0.44848901098900956,0.4615057422373428,0.44407345575960516,0.45000000000000195,"","",565,0.3111263736263727,0.32156529136537443,0.3245886000476969,0.3212499999999984,"","",565,0.13118131868131835,0.15270097830710253,0.14810398282852294,0.14637499999999926
566,0.44848901098900956,0.4615057422373428,0.44407345575960516,0.45000000000000195,"","",566,0.31318681318681224,0.3228413441088878,0.3255425709515844,0.3224999999999984,"","",566,0.13461538461538428,0.1565291365376427,0.14881946100643847,0.14849999999999927
567,0.44848901098900956,0.4615057422373428,0.44407345575960516,0.45000000000000195,"","",567,0.3152472527472518,0.3198638877073566,0.32601955640352814,0.3222499999999984,"","",567,0.13598901098901064,0.15567843470863377,0.14858096828046663,0.14837499999999926
568,0.44848901098900956,0.4615057422373428,0.44407345575960516,0.45000000000000195,"","",568,0.31662087912087816,0.3160357294768164,0.32435010732172503,0.3204999999999984,"","",568,0.1380494505494502,0.153126329221607,0.14762699737657925,0.1474999999999993
569,0.44848901098900956,0.4615057422373428,0.44407345575960516,0.45000000000000195,"","",569,0.31730769230769135,0.31561037856231194,0.32411161459575316,0.32037499999999836,"","",569,0.13942307692307657,0.1518502764780936,0.1478654901025511,0.14749999999999927
570,0.44848901098900956,0.4615057422373428,0.44407345575960516,0.45000000000000195,"","",570,0.31730769230769135,0.31433432581879855,0.32172668733603443,0.3187499999999983,"","",570,0.13942307692307657,0.15099957464908467,0.14619604102074818,0.1463749999999993
571,0.44848901098900956,0.4615057422373428,0.44407345575960516,0.45000000000000195,"","",571,0.31730769230769135,0.3105061675882584,0.3202957309802032,0.3168749999999983,"","",571,0.13873626373626338,0.14759676733304897,0.1457190555688045,0.14499999999999938
572,0.44848901098900956,0.4615057422373428,0.44407345575960516,0.45000000000000195,"","",572,0.31662087912087816,0.31220757124627624,0.31981874552825945,0.3169999999999982,"","",572,0.13873626373626338,0.1484474691620579,0.14619604102074818,0.14549999999999935
573,0.44848901098900956,0.4615057422373428,0.44407345575960516,0.45000000000000195,"","",573,0.3145604395604386,0.3117822203317718,0.3195802528022876,0.31637499999999824,"","",573,0.1380494505494502,0.14972352190557128,0.14619604102074818,0.14574999999999932
574,0.44848901098900956,0.4615057422373428,0.44407345575960516,0.45000000000000195,"","",574,0.31318681318681224,0.3100808166737539,0.3193417600763157,0.3154999999999982,"","",574,0.13667582417582383,0.14929817099106682,0.14667302647269187,0.1456249999999993
575,0.44848901098900956,0.4615057422373428,0.44407345575960516,0.45000000000000195,"","",575,0.3145604395604386,0.3117822203317718,0.31886477462437196,0.31599999999999817,"","",575,0.13598901098901064,0.15142492556358914,0.14500357739088895,0.14524999999999938
576,0.44848901098900956,0.4615057422373428,0.44407345575960516,0.45000000000000195,"","",576,0.315934065934065,0.31688643130582533,0.3186262818984001,0.31762499999999816,"","",576,0.13667582417582383,0.15567843470863377,0.1447650846649171,0.14649999999999938
577,0.44848901098900956,0.4615057422373428,0.44407345575960516,0.45000000000000195,"","",577,0.3200549450549441,0.31433432581879855,0.3222036727879782,0.3194999999999983,"","",577,0.14148351648351612,0.153126329221607,0.14619604102074818,0.1473749999999993
578,0.44848901098900956,0.4615057422373428,0.44407345575960516,0.45000000000000195,"","",578,0.3138736263736254,0.31348362398978963,0.3200572382542313,0.3169999999999983,"","",578,0.13461538461538428,0.15142492556358914,0.14500357739088895,0.14499999999999938
579,0.44848901098900956,0.4615057422373428,0.44407345575960516,0.45000000000000195,"","",579,0.3145604395604386,0.31433432581879855,0.32077271643214694,0.3177499999999983,"","",579,0.13530219780219746,0.15270097830710253,0.14619604102074818,0.1461249999999993
580,0.44848901098900956,0.4615057422373428,0.44407345575960516,0.45000000000000195,"","",580,0.31799450549450453,0.3151850276478075,0.32315764369186567,0.3198749999999983,"","",580,0.13530219780219746,0.15440238196512038,0.14858096828046663,0.14787499999999926
581,0.44848901098900956,0.4615057422373428,0.44407345575960516,0.45000000000000195,"","",581,0.3152472527472518,0.31688643130582533,0.32339613641783754,0.31999999999999834,"","",581,0.13598901098901064,0.15567843470863377,0.14834247555449478,0.14824999999999927
582,0.44848901098900956,0.4615057422373428,0.44407345575960516,0.45000000000000195,"","",582,0.3138736263736254,0.3151850276478075,0.3193417600763157,0.3171249999999982,"","",582,0.13530219780219746,0.15482773287962484,0.1457190555688045,0.14649999999999935
583,0.44848901098900956,0.4615057422373428,0.44407345575960516,0.45000000000000195,"","",583,0.3145604395604386,0.3185878349638432,0.3212497018840907,0.3192499999999983,"","",583,0.13598901098901064,0.15567843470863377,0.14667302647269187,0.1473749999999993
584,0.44848901098900956,0.4615057422373428,0.44407345575960516,0.45000000000000195,"","",584,0.3097527472527463,0.3198638877073566,0.3222036727879782,0.3192499999999983,"","",584,0.1332417582417579,0.15610378562313823,0.14715001192463556,0.14724999999999933
585,0.44848901098900956,0.4615057422373428,0.44407345575960516,0.45000000000000195,"","",585,0.30837912087911995,0.3228413441088878,0.3219651800620063,0.3197499999999983,"","",585,0.13186813186813154,0.15695448745214716,0.14619604102074818,0.14674999999999933
586,0.44848901098900956,0.4615057422373428,0.44407345575960516,0.45000000000000195,"","",586,0.30906593406593313,0.3219906422798789,0.32435010732172503,0.3208749999999984,"","",586,0.13255494505494472,0.15397703105061591,0.1478654901025511,0.14687499999999926
587,0.44848901098900956,0.4615057422373428,0.44407345575960516,0.45000000000000195,"","",587,0.30837912087911995,0.3219906422798789,0.32435010732172503,0.3207499999999984,"","",587,0.13118131868131835,0.15440238196512038,0.1473885046506074,0.1464999999999993
588,0.44848901098900956,0.4615057422373428,0.44407345575960516,0.45000000000000195,"","",588,0.3097527472527463,0.3232666950233923,0.3236346291438094,0.32099999999999834,"","",588,0.13255494505494472,0.15610378562313823,0.14643453374672002,0.14674999999999933
589,0.44848901098900956,0.4615057422373428,0.44407345575960516,0.45000000000000195,"","",589,0.3111263736263727,0.3253934495959146,0.32315764369186567,0.3216249999999983,"","",589,0.13461538461538428,0.15908124202466947,0.14619604102074818,0.1478749999999993
590,0.44848901098900956,0.4615057422373428,0.44407345575960516,0.45000000000000195,"","",590,0.30906593406593313,0.32454274776690567,0.3226806582399219,0.3207499999999983,"","",590,0.13461538461538428,0.15908124202466947,0.14500357739088895,0.14724999999999938
591,0.44848901098900956,0.4615057422373428,0.44407345575960516,0.45000000000000195,"","",591,0.31249999999999906,0.3232666950233923,0.3210112091581188,0.32012499999999827,"","",591,0.13667582417582383,0.16035729476818286,0.14500357739088895,0.14799999999999935
592,0.44848901098900956,0.4615057422373428,0.44407345575960516,0.45000000000000195,"","",592,0.31181318681318587,0.3241173968524012,0.3212497018840907,0.3203749999999983,"","",592,0.13598901098901064,0.16035729476818286,0.1447650846649171,0.14774999999999935
593,0.44848901098900956,0.4615057422373428,0.44407345575960516,0.45000000000000195,"","",593,0.3097527472527463,0.32156529136537443,0.3229191509658938,0.32012499999999827,"","",593,0.13461538461538428,0.15780518928115608,0.14548056284283264,0.14712499999999934
594,0.44848901098900956,0.4615057422373428,0.44407345575960516,0.45000000000000195,"","",594,0.3104395604395595,0.3232666950233923,0.32315764369186567,0.3208749999999983,"","",594,0.1339285714285711,0.15823054019566055,0.14548056284283264,0.14712499999999934
595,0.44848901098900956,0.4615057422373428,0.44407345575960516,0.45000000000000195,"","",595,0.3104395604395595,0.32113994045086997,0.3248270927736688,0.3211249999999984,"","",595,0.1339285714285711,0.15610378562313823,0.14715001192463556,0.1473749999999993
596,0.44848901098900956,0.4615057422373428,0.44407345575960516,0.45000000000000195,"","",596,0.30769230769230677,0.3185878349638432,0.3253040782256125,0.3201249999999984,"","",596,0.1332417582417579,0.15355168013611145,0.14691151919866371,0.1463749999999993
597,0.44848901098900956,0.4615057422373428,0.44407345575960516,0.45000000000000195,"","",597,0.3097527472527463,0.3173117822203298,0.32506558549964065,0.3199999999999984,"","",597,0.13530219780219746,0.15355168013611145,0.14691151919866371,0.14674999999999933
598,0.44848901098900956,0.4615057422373428,0.44407345575960516,0.45000000000000195,"","",598,0.3111263736263727,0.3219906422798789,0.32411161459575316,0.32112499999999833,"","",598,0.13530219780219746,0.15695448745214716,0.14691151919866371,0.14774999999999933
599,0.44848901098900956,0.4615057422373428,0.44407345575960516,0.45000000000000195,"","",599,0.30906593406593313,0.3228413441088878,0.32411161459575316,0.32099999999999834,"","",599,0.13255494505494472,0.158655891110165,0.14834247555449478,0.14849999999999927
600,0.44848901098900956,0.4615057422373428,0.44407345575960516,0.45000000000000195,"","",600,0.31249999999999906,0.3232666950233923,0.32244216551395005,0.3208749999999983,"","",600,0.137362637362637,0.15823054019566055,0.14667302647269187,0.1483749999999993
601,0.44848901098900956,0.4615057422373428,0.44407345575960516,0.45000000000000195,"","",601,0.3145604395604386,0.32369204593789674,0.32435010732172503,0.3223749999999984,"","",601,0.1380494505494502,0.15908124202466947,0.14762699737657925,0.1492499999999993
602,0.44848901098900956,0.4615057422373428,0.44407345575960516,0.45000000000000195,"","",602,0.3145604395604386,0.32454274776690567,0.3226806582399219,0.3217499999999983,"","",602,0.1380494505494502,0.15950659293917394,0.14715001192463556,0.14912499999999929
603,0.44848901098900956,0.4615057422373428,0.44407345575960516,0.45000000000000195,"","",603,0.3186813186813177,0.32156529136537443,0.3238731218697813,0.32224999999999837,"","",603,0.14148351648351612,0.158655891110165,0.1473885046506074,0.14962499999999926
604,0.44848901098900956,0.4615057422373428,0.44407345575960516,0.45000000000000195,"","",604,0.31799450549450453,0.3228413441088878,0.3245886000476969,0.3228749999999984,"","",604,0.14148351648351612,0.16035729476818286,0.14643453374672002,0.14962499999999931
605,0.44848901098900956,0.4615057422373428,0.44407345575960516,0.45000000000000195,"","",605,0.3138736263736254,0.3232666950233923,0.32506558549964065,0.3224999999999984,"","",605,0.13942307692307657,0.16078264568268733,0.14834247555449478,0.15037499999999926
606,0.44848901098900956,0.4615057422373428,0.44407345575960516,0.45000000000000195,"","",606,0.315934065934065,0.3262441514249235,0.3248270927736688,0.3236249999999984,"","",606,0.14010989010988975,0.16418545299872303,0.14905795373241032,0.1518749999999992
607,0.44848901098900956,0.4615057422373428,0.44407345575960516,0.45000000000000195,"","",607,0.3152472527472518,0.33304976605699493,0.32578106367755627,0.3259999999999984,"","",607,0.13942307692307657,0.1680136112292632,0.14810398282852294,0.15237499999999926
608,0.44848901098900956,0.4615057422373428,0.44407345575960516,0.45000000000000195,"","",608,0.3138736263736254,0.3334751169714994,0.3255425709515844,0.32574999999999843,"","",608,0.13873626373626338,0.16758826031475874,0.14905795373241032,0.1526249999999992
609,0.44848901098900956,0.4615057422373428,0.44407345575960516,0.45000000000000195,"","",609,0.31249999999999906,0.3343258188005083,0.32673503458144376,0.3263749999999984,"","",609,0.1380494505494502,0.16716290940025427,0.1504889100882414,0.15312499999999918
610,0.44848901098900956,0.4615057422373428,0.44407345575960516,0.45000000000000195,"","",610,0.3145604395604386,0.3347511697150128,0.32673503458144376,0.3268749999999984,"","",610,0.14010989010988975,0.16758826031475874,0.149534939184354,0.1531249999999992
611,0.44848901098900956,0.4615057422373428,0.44407345575960516,0.45000000000000195,"","",611,0.3186813186813177,0.332199064227986,0.3274505127593594,0.32724999999999843,"","",611,0.14148351648351612,0.16546150574223642,0.14929644645838216,0.1526249999999992
612,0.44848901098900956,0.4615057422373428,0.44407345575960516,0.45000000000000195,"","",612,0.3200549450549441,0.3287962569119503,0.3274505127593594,0.3264999999999984,"","",612,0.1421703296703293,0.16376010208421857,0.15025041736226954,0.1527499999999992
613,0.44848901098900956,0.4615057422373428,0.44407345575960516,0.45000000000000195,"","",613,0.3228021978021968,0.33177371331348154,0.3274505127593594,0.3278749999999984,"","",613,0.14354395604395567,0.16588685665674088,0.14905795373241032,0.1529999999999992
614,0.44848901098900956,0.4615057422373428,0.44407345575960516,0.45000000000000195,"","",614,0.32074175824175727,0.33049766056996815,0.32578106367755627,0.32624999999999843,"","",614,0.14423076923076886,0.16503615482773196,0.14881946100643847,0.1527499999999992
615,0.44848901098900956,0.4615057422373428,0.44407345575960516,0.45000000000000195,"","",615,0.32211538461538364,0.32922160782645477,0.32506558549964065,0.3257499999999984,"","",615,0.14491758241758204,0.1633347511697141,0.14834247555449478,0.15212499999999923
616,0.44848901098900956,0.4615057422373428,0.44407345575960516,0.45000000000000195,"","",616,0.32211538461538364,0.3279455550829414,0.3264965418554719,0.3261249999999984,"","",616,0.14423076923076886,0.16376010208421857,0.14834247555449478,0.15212499999999923
617,0.44848901098900956,0.4615057422373428,0.44407345575960516,0.45000000000000195,"","",617,0.31730769230769135,0.3262441514249235,0.3264965418554719,0.32474999999999843,"","",617,0.14079670329670294,0.16205869842620071,0.14834247555449478,0.15099999999999927
618,0.44848901098900956,0.4615057422373428,0.44407345575960516,0.45000000000000195,"","",618,0.31730769230769135,0.3219906422798789,0.3255425709515844,0.3229999999999984,"","",618,0.14148351648351612,0.15908124202466947,0.14858096828046663,0.15037499999999926
619,0.44848901098900956,0.4615057422373428,0.44407345575960516,0.45000000000000195,"","",619,0.3200549450549441,0.32454274776690567,0.32601955640352814,0.3244999999999984,"","",619,0.1421703296703293,0.16205869842620071,0.1500119246362977,0.1521249999999992
620,0.44848901098900956,0.4615057422373428,0.44407345575960516,0.45000000000000195,"","",620,0.3200549450549441,0.32454274776690567,0.3236346291438094,0.32324999999999837,"","",620,0.1428571428571425,0.1612079965971918,0.14834247555449478,0.15112499999999926
621,0.44848901098900956,0.4615057422373428,0.44407345575960516,0.45000000000000195,"","",621,0.32211538461538364,0.32369204593789674,0.32244216551395005,0.3227499999999983,"","",621,0.14560439560439523,0.15950659293917394,0.14929644645838216,0.1516249999999992
622,0.44848901098900956,0.4615057422373428,0.44407345575960516,0.45000000000000195,"","",622,0.3228021978021968,0.32369204593789674,0.3210112091581188,0.3221249999999983,"","",622,0.1462912087912084,0.1599319438536784,0.14858096828046663,0.15149999999999925
623,0.44848901098900956,0.4615057422373428,0.44407345575960516,0.45000000000000195,"","",623,0.32692307692307593,0.3262441514249235,0.32077271643214694,0.32349999999999823,"","",623,0.1510989010989007,0.1612079965971918,0.14834247555449478,0.15262499999999923
624,0.44848901098900956,0.4615057422373428,0.44407345575960516,0.45000000000000195,"","",624,0.32967032967032867,0.32581880051041906,0.3226806582399219,0.3248749999999983,"","",624,0.15315934065934025,0.1612079965971918,0.14762699737657925,0.15262499999999926
625,0.44848901098900956,0.4615057422373428,0.44407345575960516,0.45000000000000195,"","",625,0.33447802197802096,0.32581880051041906,0.32411161459575316,0.3264999999999983,"","",625,0.15453296703296662,0.16163334751169625,0.14858096828046663,0.15349999999999922
626,0.44848901098900956,0.4615057422373428,0.44407345575960516,0.45000000000000195,"","",626,0.3324175824175814,0.326669502339428,0.32315764369186567,0.3258749999999983,"","",626,0.15384615384615344,0.16503615482773196,0.14715001192463556,0.15362499999999926
627,0.44848901098900956,0.4615057422373428,0.44407345575960516,0.45000000000000195,"","",627,0.3372252747252737,0.3300723096554637,0.3229191509658938,0.3276249999999983,"","",627,0.15659340659340618,0.16588685665674088,0.14715001192463556,0.15437499999999926
628,0.44848901098900956,0.4615057422373428,0.44407345575960516,0.45000000000000195,"","",628,0.33447802197802096,0.33177371331348154,0.3236346291438094,0.3279999999999983,"","",628,0.15315934065934025,0.16716290940025427,0.1473885046506074,0.15424999999999925
629,0.44848901098900956,0.4615057422373428,0.44407345575960516,0.45000000000000195,"","",629,0.33104395604395503,0.33262441514249047,0.32315764369186567,0.3273749999999983,"","",629,0.15315934065934025,0.16843896214376766,0.14715001192463556,0.15449999999999925
630,0.44848901098900956,0.4615057422373428,0.44407345575960516,0.45000000000000195,"","",630,0.3317307692307682,0.3334751169714994,0.32315764369186567,0.3277499999999983,"","",630,0.1552197802197798,0.1680136112292632,0.14905795373241032,0.1557499999999992
631,0.44848901098900956,0.4615057422373428,0.44407345575960516,0.45000000000000195,"","",631,0.3365384615384605,0.33177371331348154,0.3245886000476969,0.32887499999999836,"","",631,0.15796703296703254,0.1646108039132275,0.149534939184354,0.1554999999999992
632,0.44848901098900956,0.4615057422373428,0.44407345575960516,0.45000000000000195,"","",632,0.3331043956043946,0.332199064227986,0.32315764369186567,0.3276249999999983,"","",632,0.15453296703296662,0.16588685665674088,0.1478654901025511,0.15437499999999926
633,0.44848901098900956,0.4615057422373428,0.44407345575960516,0.45000000000000195,"","",633,0.3358516483516473,0.3300723096554637,0.32172668733603443,0.32674999999999826,"","",633,0.155906593406593,0.16290940025520964,0.14715001192463556,0.15337499999999926
634,0.44848901098900956,0.4615057422373428,0.44407345575960516,0.45000000000000195,"","",634,0.3372252747252737,0.33049766056996815,0.3212497018840907,0.32687499999999825,"","",634,0.15796703296703254,0.16418545299872303,0.14691151919866371,0.15399999999999925
635,0.44848901098900956,0.4615057422373428,0.44407345575960516,0.45000000000000195,"","",635,0.3331043956043946,0.3309230114844726,0.3222036727879782,0.3267499999999983,"","",635,0.1552197802197798,0.16631220757124535,0.14762699737657925,0.15449999999999925
636,0.44848901098900956,0.4615057422373428,0.44407345575960516,0.45000000000000195,"","",636,0.3358516483516473,0.32964695874095923,0.32077271643214694,0.32612499999999817,"","",636,0.15728021978021936,0.16631220757124535,0.14619604102074818,0.1541249999999993
637,0.44848901098900956,0.4615057422373428,0.44407345575960516,0.45000000000000195,"","",637,0.3379120879120869,0.32964695874095923,0.3212497018840907,0.32674999999999826,"","",637,0.1600274725274721,0.16588685665674088,0.1473885046506074,0.15512499999999926
638,0.44848901098900956,0.4615057422373428,0.44407345575960516,0.45000000000000195,"","",638,0.3331043956043946,0.32964695874095923,0.3200572382542313,0.3252499999999982,"","",638,0.15728021978021936,0.1667375584857498,0.14548056284283264,0.15387499999999932
639,0.44848901098900956,0.4615057422373428,0.44407345575960516,0.45000000000000195,"","",639,0.33379120879120777,0.33049766056996815,0.32053422370617507,0.3258749999999982,"","",639,0.15728021978021936,0.1680136112292632,0.14643453374672002,0.15474999999999925
640,0.44848901098900956,0.4615057422373428,0.44407345575960516,0.45000000000000195,"","",640,0.33516483516483414,0.3334751169714994,0.3200572382542313,0.3267499999999982,"","",640,0.15865384615384573,0.1692896639727766,0.1457190555688045,0.1549999999999993
641,0.44848901098900956,0.4615057422373428,0.44407345575960516,0.45000000000000195,"","",641,0.3317307692307682,0.3356018715440217,0.32578106367755627,0.32974999999999843,"","",641,0.15453296703296662,0.1726924712888123,0.14858096828046663,0.1567499999999992
642,0.44848901098900956,0.4615057422373428,0.44407345575960516,0.45000000000000195,"","",642,0.3276098901098891,0.3360272224585262,0.32578106367755627,0.3291249999999984,"","",642,0.15178571428571389,0.17354317311782122,0.14762699737657925,0.15599999999999922
643,0.44848901098900956,0.4615057422373428,0.44407345575960516,0.45000000000000195,"","",643,0.3289835164835155,0.33517652062951725,0.3264965418554719,0.3294999999999984,"","",643,0.15247252747252707,0.17311782220331676,0.14881946100643847,0.1566249999999992
644,0.44848901098900956,0.4615057422373428,0.44407345575960516,0.45000000000000195,"","",644,0.3282967032967023,0.33390046788600386,0.32435010732172503,0.32787499999999836,"","",644,0.1510989010989007,0.17184176945980337,0.1473885046506074,0.15524999999999925
645,0.44848901098900956,0.4615057422373428,0.44407345575960516,0.45000000000000195,"","",645,0.32967032967032867,0.3356018715440217,0.3253040782256125,0.3291249999999984,"","",645,0.14972527472527433,0.1748192258613346,0.1473885046506074,0.15587499999999924
646,0.44848901098900956,0.4615057422373428,0.44407345575960516,0.45000000000000195,"","",646,0.3365384615384605,0.3300723096554637,0.3210112091581188,0.32649999999999824,"","",646,0.1552197802197798,0.16971501488728105,0.14548056284283264,0.15437499999999932
647,0.44848901098900956,0.4615057422373428,0.44407345575960516,0.45000000000000195,"","",647,0.33379120879120777,0.3300723096554637,0.3238731218697813,0.3274999999999983,"","",647,0.15384615384615344,0.16886431305827213,0.14715001192463556,0.15474999999999925
648,0.44848901098900956,0.4615057422373428,0.44407345575960516,0.45000000000000195,"","",648,0.33379120879120777,0.3262441514249235,0.3236346291438094,0.3262499999999983,"","",648,0.15041208791208752,0.1667375584857498,0.1457190555688045,0.15274999999999933
649,0.44848901098900956,0.4615057422373428,0.44407345575960516,0.45000000000000195,"","",649,0.33997252747252643,0.3253934495959146,0.3238731218697813,0.3272499999999983,"","",649,0.15384615384615344,0.1667375584857498,0.14619604102074818,0.1536249999999993
650,0.44848901098900956,0.4615057422373428,0.44407345575960516,0.45000000000000195,"","",650,0.3406593406593396,0.32113994045086997,0.32411161459575316,0.3262499999999984,"","",650,0.15384615384615344,0.16205869842620071,0.14715001192463556,0.15274999999999925
651,0.44848901098900956,0.4615057422373428,0.44407345575960516,0.45000000000000195,"","",651,0.33447802197802096,0.32156529136537443,0.3253040782256125,0.3258749999999984,"","",651,0.15041208791208752,0.16078264568268733,0.14834247555449478,0.15237499999999923
652,0.44848901098900956,0.4615057422373428,0.44407345575960516,0.45000000000000195,"","",652,0.3406593406593396,0.3219906422798789,0.3236346291438094,0.3262499999999983,"","",652,0.1510989010989007,0.16163334751169625,0.14715001192463556,0.15212499999999926
653,0.44848901098900956,0.4615057422373428,0.44407345575960516,0.45000000000000195,"","",653,0.3358516483516473,0.3241173968524012,0.32435010732172503,0.32637499999999836,"","",653,0.15041208791208752,0.16376010208421857,0.14667302647269187,0.1523749999999993
654,0.44848901098900956,0.4615057422373428,0.44407345575960516,0.45000000000000195,"","",654,0.3289835164835155,0.32454274776690567,0.32148819461006256,0.32374999999999826,"","",654,0.14560439560439523,0.16376010208421857,0.14333412830908604,0.14974999999999938
655,0.44848901098900956,0.4615057422373428,0.44407345575960516,0.45000000000000195,"","",655,0.32692307692307593,0.3232666950233923,0.32053422370617507,0.32249999999999823,"","",655,0.1462912087912084,0.16418545299872303,0.14381111376102973,0.15024999999999938
656,0.44848901098900956,0.4615057422373428,0.44407345575960516,0.45000000000000195,"","",656,0.3282967032967023,0.32581880051041906,0.32315764369186567,0.3248749999999983,"","",656,0.14354395604395567,0.1646108039132275,0.14428809921297342,0.15012499999999934
657,0.44848901098900956,0.4615057422373428,0.44407345575960516,0.45000000000000195,"","",657,0.33035714285714185,0.32837090599744584,0.3236346291438094,0.3262499999999983,"","",657,0.1428571428571425,0.16631220757124535,0.14500357739088895,0.15087499999999932
658,0.44848901098900956,0.4615057422373428,0.44407345575960516,0.45000000000000195,"","",658,0.3331043956043946,0.33049766056996815,0.3264965418554719,0.3288749999999984,"","",658,0.14835164835164796,0.16503615482773196,0.14691151919866371,0.15249999999999925
659,0.44848901098900956,0.4615057422373428,0.44407345575960516,0.45000000000000195,"","",659,0.3358516483516473,0.332199064227986,0.32697352730741563,0.3301249999999984,"","",659,0.15041208791208752,0.16758826031475874,0.1478654901025511,0.15412499999999926
660,0.44848901098900956,0.4615057422373428,0.44407345575960516,0.45000000000000195,"","",660,0.33516483516483414,0.32922160782645477,0.3264965418554719,0.3288749999999984,"","",660,0.1510989010989007,0.16503615482773196,0.14691151919866371,0.15299999999999925
661,0.44848901098900956,0.4615057422373428,0.44407345575960516,0.45000000000000195,"","",661,0.3331043956043946,0.32581880051041906,0.32673503458144376,0.3276249999999984,"","",661,0.1510989010989007,0.1633347511697141,0.14858096828046663,0.15337499999999923
662,0.44848901098900956,0.4615057422373428,0.44407345575960516,0.45000000000000195,"","",662,0.3372252747252737,0.32581880051041906,0.3264965418554719,0.32824999999999843,"","",662,0.15315934065934025,0.16205869842620071,0.1478654901025511,0.15299999999999925
663,0.44848901098900956,0.4615057422373428,0.44407345575960516,0.45000000000000195,"","",663,0.33447802197802096,0.3241173968524012,0.3245886000476969,0.3262499999999984,"","",663,0.15178571428571389,0.16248404934070518,0.14691151919866371,0.15237499999999926
664,0.44848901098900956,0.4615057422373428,0.44407345575960516,0.45000000000000195,"","",664,0.33104395604395503,0.326669502339428,0.32172668733603443,0.32487499999999825,"","",664,0.14766483516483478,0.16248404934070518,0.1452420701168608,0.15074999999999933
665,0.44848901098900956,0.4615057422373428,0.44407345575960516,0.45000000000000195,"","",665,0.3282967032967023,0.326669502339428,0.32244216551395005,0.3247499999999983,"","",665,0.1462912087912084,0.16418545299872303,0.14500357739088895,0.15087499999999932
666,0.44848901098900956,0.4615057422373428,0.44407345575960516,0.45000000000000195,"","",666,0.33035714285714185,0.3300723096554637,0.32506558549964065,0.32749999999999835,"","",666,0.1462912087912084,0.16886431305827213,0.1457190555688045,0.15262499999999932
667,0.44848901098900956,0.4615057422373428,0.44407345575960516,0.45000000000000195,"","",667,0.33035714285714185,0.3300723096554637,0.3236346291438094,0.3267499999999983,"","",667,0.1462912087912084,0.17014036580178551,0.1452420701168608,0.15274999999999933
668,0.44848901098900956,0.4615057422373428,0.44407345575960516,0.45000000000000195,"","",668,0.3282967032967023,0.33177371331348154,0.32506558549964065,0.32762499999999833,"","",668,0.14560439560439523,0.17184176945980337,0.14595754829477633,0.15349999999999928
669,0.44848901098900956,0.4615057422373428,0.44407345575960516,0.45000000000000195,"","",669,0.3324175824175814,0.3309230114844726,0.3262580491295,0.32874999999999843,"","",669,0.14903846153846115,0.17099106763079444,0.14667302647269187,0.15424999999999925
670,0.44848901098900956,0.4615057422373428,0.44407345575960516,0.45000000000000195,"","",670,0.33516483516483414,0.3313483623989771,0.32578106367755627,0.3291249999999984,"","",670,0.14972527472527433,0.17099106763079444,0.14548056284283264,0.15374999999999933
671,0.44848901098900956,0.4615057422373428,0.44407345575960516,0.45000000000000195,"","",671,0.3324175824175814,0.33177371331348154,0.3264965418554719,0.3291249999999984,"","",671,0.14972527472527433,0.16886431305827213,0.1473885046506074,0.15412499999999926
672,0.44848901098900956,0.4615057422373428,0.44407345575960516,0.45000000000000195,"","",672,0.33379120879120777,0.32964695874095923,0.328165990937275,0.32962499999999845,"","",672,0.15178571428571389,0.16716290940025427,0.14858096828046663,0.1546249999999992
673,0.44848901098900956,0.4615057422373428,0.44407345575960516,0.45000000000000195,"","",673,0.3379120879120869,0.3275202041684369,0.32673503458144376,0.3289999999999984,"","",673,0.15315934065934025,0.16716290940025427,0.1473885046506074,0.15424999999999925
674,0.44848901098900956,0.4615057422373428,0.44407345575960516,0.45000000000000195,"","",674,0.33447802197802096,0.3300723096554637,0.32935845456713436,0.3304999999999985,"","",674,0.1510989010989007,0.16843896214376766,0.14881946100643847,0.1549999999999992
675,0.44848901098900956,0.4615057422373428,0.44407345575960516,0.45000000000000195,"","",675,0.3365384615384605,0.3279455550829414,0.3272120200333875,0.3291249999999984,"","",675,0.15384615384615344,0.16546150574223642,0.1473885046506074,0.15387499999999926
676,0.44848901098900956,0.4615057422373428,0.44407345575960516,0.45000000000000195,"","",676,0.3365384615384605,0.32581880051041906,0.32697352730741563,0.3283749999999984,"","",676,0.15315934065934025,0.16418545299872303,0.1457190555688045,0.15249999999999933
677,0.44848901098900956,0.4615057422373428,0.44407345575960516,0.45000000000000195,"","",677,0.3358516483516473,0.3313483623989771,0.32840448366324687,0.33062499999999845,"","",677,0.15384615384615344,0.1680136112292632,0.14595754829477633,0.1538749999999993
678,0.44848901098900956,0.4615057422373428,0.44407345575960516,0.45000000000000195,"","",678,0.3317307692307682,0.3300723096554637,0.32935845456713436,0.3299999999999985,"","",678,0.14972527472527433,0.16843896214376766,0.14667302647269187,0.1536249999999993
679,0.44848901098900956,0.4615057422373428,0.44407345575960516,0.45000000000000195,"","",679,0.3324175824175814,0.33304976605699493,0.3298354400190781,0.33124999999999855,"","",679,0.1510989010989007,0.17056571671628998,0.14643453374672002,0.15437499999999926
680,0.44848901098900956,0.4615057422373428,0.44407345575960516,0.45000000000000195,"","",680,0.33035714285714185,0.332199064227986,0.33198187455282496,0.3317499999999986,"","",680,0.1510989010989007,0.16971501488728105,0.14691151919866371,0.15437499999999926
681,0.44848901098900956,0.4615057422373428,0.44407345575960516,0.45000000000000195,"","",681,0.32967032967032867,0.3309230114844726,0.3305509181969937,0.3304999999999985,"","",681,0.15453296703296662,0.17014036580178551,0.14548056284283264,0.15437499999999932
682,0.44848901098900956,0.4615057422373428,0.44407345575960516,0.45000000000000195,"","",682,0.32692307692307593,0.3300723096554637,0.3264965418554719,0.3276249999999984,"","",682,0.15178571428571389,0.16758826031475874,0.14357262103505788,0.15212499999999937
683,0.44848901098900956,0.4615057422373428,0.44407345575960516,0.45000000000000195,"","",683,0.3248626373626364,0.332199064227986,0.3238731218697813,0.3264999999999983,"","",683,0.15384615384615344,0.16716290940025427,0.14214166467922681,0.1516249999999994
684,0.44848901098900956,0.4615057422373428,0.44407345575960516,0.45000000000000195,"","",684,0.3248626373626364,0.33049766056996815,0.3222036727879782,0.3251249999999983,"","",684,0.15178571428571389,0.16631220757124535,0.1409492010493676,0.15037499999999943
685,0.44848901098900956,0.4615057422373428,0.44407345575960516,0.45000000000000195,"","",685,0.3324175824175814,0.33049766056996815,0.3210112091581188,0.32587499999999825,"","",685,0.15659340659340618,0.16546150574223642,0.14071070832339574,0.15087499999999945
686,0.44848901098900956,0.4615057422373428,0.44407345575960516,0.45000000000000195,"","",686,0.33516483516483414,0.33730327520203957,0.3229191509658938,0.3293749999999983,"","",686,0.15796703296703254,0.1680136112292632,0.1409492010493676,0.15199999999999944
687,0.44848901098900956,0.4615057422373428,0.44407345575960516,0.45000000000000195,"","",687,0.3365384615384605,0.3394300297745619,0.32601955640352814,0.3318749999999984,"","",687,0.15865384615384573,0.16886431305827213,0.14166467922728312,0.15274999999999944
688,0.44848901098900956,0.4615057422373428,0.44407345575960516,0.45000000000000195,"","",688,0.342032967032966,0.3360272224585262,0.3262580491295,0.3319999999999984,"","",688,0.16277472527472484,0.16758826031475874,0.14238015740519866,0.1534999999999994
689,0.44848901098900956,0.4615057422373428,0.44407345575960516,0.45000000000000195,"","",689,0.34271978021977917,0.3368779242875351,0.3291199618411625,0.3338749999999985,"","",689,0.16346153846153802,0.1667375584857498,0.14381111376102973,0.15412499999999935
690,0.44848901098900956,0.4615057422373428,0.44407345575960516,0.45000000000000195,"","",690,0.33859890109890006,0.33390046788600386,0.328165990937275,0.3317499999999985,"","",690,0.16277472527472484,0.16205869842620071,0.1426186501311705,0.1519999999999994
691,0.44848901098900956,0.4615057422373428,0.44407345575960516,0.45000000000000195,"","",691,0.3358516483516473,0.3300723096554637,0.32840448366324687,0.3302499999999985,"","",691,0.16208791208791165,0.15908124202466947,0.14428809921297342,0.15187499999999934
692,0.44848901098900956,0.4615057422373428,0.44407345575960516,0.45000000000000195,"","",692,0.3379120879120869,0.3253934495959146,0.328165990937275,0.32912499999999845,"","",692,0.16346153846153802,0.15823054019566055,0.14381111376102973,0.15162499999999937
693,0.44848901098900956,0.4615057422373428,0.44407345575960516,0.45000000000000195,"","",693,0.3379120879120869,0.3287962569119503,0.32840448366324687,0.3302499999999985,"","",693,0.1648351648351644,0.1612079965971918,0.14404960648700157,0.15287499999999937
694,0.44848901098900956,0.4615057422373428,0.44407345575960516,0.45000000000000195,"","",694,0.34821428571428464,0.3287962569119503,0.3298354400190781,0.33287499999999853,"","",694,0.16964285714285668,0.1612079965971918,0.1457190555688045,0.15462499999999932
695,0.44848901098900956,0.4615057422373428,0.44407345575960516,0.45000000000000195,"","",695,0.3461538461538451,0.32964695874095923,0.33222036727879684,0.33399999999999863,"","",695,0.16758241758241713,0.16205869842620071,0.14715001192463556,0.15524999999999925
696,0.44848901098900956,0.4615057422373428,0.44407345575960516,0.45000000000000195,"","",696,0.3502747252747242,0.326669502339428,0.3331743381826843,0.33437499999999865,"","",696,0.17239010989010942,0.16035729476818286,0.14715001192463556,0.15562499999999926
697,0.44848901098900956,0.4615057422373428,0.44407345575960516,0.45000000000000195,"","",697,0.3578296703296692,0.32581880051041906,0.33293584545671245,0.33537499999999865,"","",697,0.1771978021978017,0.1599319438536784,0.14834247555449478,0.1569999999999992
698,0.44848901098900956,0.4615057422373428,0.44407345575960516,0.45000000000000195,"","",698,0.36057692307692196,0.32496809868141013,0.3331743381826843,0.33574999999999866,"","",698,0.1778846153846149,0.15908124202466947,0.149534939184354,0.1574999999999992
699,0.44848901098900956,0.4615057422373428,0.44407345575960516,0.45000000000000195,"","",699,0.3598901098901088,0.3275202041684369,0.33198187455282496,0.3357499999999986,"","",699,0.17994505494505444,0.1612079965971918,0.14858096828046663,0.1579999999999992
700,0.44848901098900956,0.4615057422373428,0.44407345575960516,0.45000000000000195,"","",700,0.3674450549450538,0.3279455550829414,0.33222036727879684,0.33737499999999865,"","",700,0.18475274725274674,0.1599319438536784,0.15025041736226954,0.15937499999999918
701,0.44848901098900956,0.4615057422373428,0.44407345575960516,0.45000000000000195,"","",701,0.37019230769230654,0.3300723096554637,0.33222036727879684,0.3384999999999986,"","",701,0.18543956043955992,0.16035729476818286,0.15025041736226954,0.15962499999999918
702,0.44848901098900956,0.4615057422373428,0.44407345575960516,0.45000000000000195,"","",702,0.36469780219780107,0.32964695874095923,0.33484378726448744,0.3387499999999987,"","",702,0.18269230769230718,0.16078264568268733,0.15168137371810061,0.15999999999999914
703,0.44848901098900956,0.4615057422373428,0.44407345575960516,0.45000000000000195,"","",703,0.3626373626373615,0.33390046788600386,0.33484378726448744,0.3396249999999987,"","",703,0.17994505494505444,0.16163334751169625,0.15096589554018508,0.15937499999999916
704,0.44848901098900956,0.4615057422373428,0.44407345575960516,0.45000000000000195,"","",704,0.35645604395604286,0.3300723096554637,0.3334128309086562,0.3366249999999986,"","",704,0.17651098901098852,0.1599319438536784,0.149534939184354,0.1574999999999992
705,0.44848901098900956,0.4615057422373428,0.44407345575960516,0.45000000000000195,"","",705,0.3502747252747242,0.3275202041684369,0.3334128309086562,0.33474999999999866,"","",705,0.17170329670329623,0.15950659293917394,0.14977343191032585,0.1566249999999992
706,0.44848901098900956,0.4615057422373428,0.44407345575960516,0.45000000000000195,"","",706,0.34821428571428464,0.3241173968524012,0.33722871452420616,0.33537499999999876,"","",706,0.16964285714285668,0.158655891110165,0.15191986644407246,0.15712499999999915
707,0.44848901098900956,0.4615057422373428,0.44407345575960516,0.45000000000000195,"","",707,0.34821428571428464,0.32156529136537443,0.3379441927021218,0.33499999999999874,"","",707,0.16964285714285668,0.158655891110165,0.152635344621988,0.1574999999999991
708,0.44848901098900956,0.4615057422373428,0.44407345575960516,0.45000000000000195,"","",708,0.35164835164835057,0.31773713313483426,0.33985213450989676,0.33549999999999885,"","",708,0.17239010989010942,0.15567843470863377,0.1547817791557346,0.15824999999999906
709,0.44848901098900956,0.4615057422373428,0.44407345575960516,0.45000000000000195,"","",709,0.35302197802197693,0.3181624840493387,0.3405676126878124,0.3362499999999989,"","",709,0.17239010989010942,0.1552530837941293,0.15597424278559383,0.15874999999999903
710,0.44848901098900956,0.4615057422373428,0.44407345575960516,0.45000000000000195,"","",710,0.35576923076922967,0.32156529136537443,0.3403291199618405,0.33762499999999884,"","",710,0.17513736263736215,0.15780518928115608,0.15573575005962198,0.15987499999999905
711,0.44848901098900956,0.4615057422373428,0.44407345575960516,0.45000000000000195,"","",711,0.35576923076922967,0.32581880051041906,0.33913665633198115,0.3382499999999989,"","",711,0.17582417582417534,0.16035729476818286,0.1569282136894812,0.16137499999999896
712,0.44848901098900956,0.4615057422373428,0.44407345575960516,0.45000000000000195,"","",712,0.3592032967032956,0.32837090599744584,0.33913665633198115,0.33962499999999884,"","",712,0.17582417582417534,0.16078264568268733,0.15645122823753752,0.16124999999999898
713,0.44848901098900956,0.4615057422373428,0.44407345575960516,0.45000000000000195,"","",713,0.36126373626373515,0.32922160782645477,0.33651323634629055,0.33887499999999876,"","",713,0.17376373626373579,0.16035729476818286,0.15382780825184722,0.15937499999999907
714,0.44848901098900956,0.4615057422373428,0.44407345575960516,0.45000000000000195,"","",714,0.3585164835164824,0.3287962569119503,0.3388981636060093,0.3394999999999988,"","",714,0.17445054945054897,0.1599319438536784,0.15597424278559383,0.160499999999999
715,0.44848901098900956,0.4615057422373428,0.44407345575960516,0.45000000000000195,"","",715,0.35645604395604286,0.3300723096554637,0.3386596708800374,0.3393749999999988,"","",715,0.17170329670329623,0.158655891110165,0.15549725733365014,0.15937499999999905
716,0.44848901098900956,0.4615057422373428,0.44407345575960516,0.45000000000000195,"","",716,0.36057692307692196,0.32581880051041906,0.339375149057953,0.3392499999999989,"","",716,0.17513736263736215,0.15440238196512038,0.1552587646076783,0.15862499999999904
717,0.44848901098900956,0.4615057422373428,0.44407345575960516,0.45000000000000195,"","",717,0.3578296703296692,0.3241173968524012,0.3396136417839249,0.33837499999999887,"","",717,0.17445054945054897,0.153126329221607,0.15549725733365014,0.15824999999999903
718,0.44848901098900956,0.4615057422373428,0.44407345575960516,0.45000000000000195,"","",718,0.3578296703296692,0.3232666950233923,0.33913665633198115,0.33787499999999887,"","",718,0.17651098901098852,0.15355168013611145,0.15549725733365014,0.15874999999999903
719,0.44848901098900956,0.4615057422373428,0.44407345575960516,0.45000000000000195,"","",719,0.3578296703296692,0.3207145895363655,0.33913665633198115,0.33712499999999884,"","",719,0.17651098901098852,0.1518502764780936,0.15549725733365014,0.15824999999999903
720,0.44848901098900956,0.4615057422373428,0.44407345575960516,0.45000000000000195,"","",720,0.3592032967032956,0.31688643130582533,0.3384211781540655,0.3358749999999988,"","",720,0.1778846153846149,0.1505742237345802,0.15406630097781907,0.1573749999999991
721,0.44848901098900956,0.4615057422373428,0.44407345575960516,0.45000000000000195,"","",721,0.3598901098901088,0.3181624840493387,0.3357977581683749,0.33499999999999874,"","",721,0.1778846153846149,0.15099957464908467,0.15239685189601615,0.15662499999999913
722,0.44848901098900956,0.4615057422373428,0.44407345575960516,0.45000000000000195,"","",722,0.36538461538461425,0.31646108039132087,0.33651323634629055,0.33587499999999876,"","",722,0.17857142857142808,0.15014887282007575,0.15287383734795984,0.15674999999999908
723,0.44848901098900956,0.4615057422373428,0.44407345575960516,0.45000000000000195,"","",723,0.36469780219780107,0.3185878349638432,0.33746720725017804,0.33687499999999876,"","",723,0.17513736263736215,0.15227562739259806,0.152635344621988,0.15662499999999915
724,0.44848901098900956,0.4615057422373428,0.44407345575960516,0.45000000000000195,"","",724,0.3729395604395593,0.32028923862186104,0.3362747436203187,0.3382499999999988,"","",724,0.17925824175824126,0.15397703105061591,0.15096589554018508,0.15699999999999914
725,0.44848901098900956,0.4615057422373428,0.44407345575960516,0.45000000000000195,"","",725,0.36950549450549336,0.3185878349638432,0.33746720725017804,0.3377499999999988,"","",725,0.1771978021978017,0.15270097830710253,0.15120438826615692,0.15637499999999915
726,0.44848901098900956,0.4615057422373428,0.44407345575960516,0.45000000000000195,"","",726,0.3688186813186802,0.32028923862186104,0.3379441927021218,0.33837499999999876,"","",726,0.17582417582417534,0.15355168013611145,0.15120438826615692,0.15637499999999915
727,0.44848901098900956,0.4615057422373428,0.44407345575960516,0.45000000000000195,"","",727,0.3633241758241747,0.32113994045086997,0.33722871452420616,0.3372499999999988,"","",727,0.17513736263736215,0.15482773287962484,0.15072740281421323,0.15637499999999918
728,0.44848901098900956,0.4615057422373428,0.44407345575960516,0.45000000000000195,"","",728,0.36057692307692196,0.32113994045086997,0.33746720725017804,0.33687499999999876,"","",728,0.17445054945054897,0.15440238196512038,0.15239685189601615,0.1569999999999991
729,0.44848901098900956,0.4615057422373428,0.44407345575960516,0.45000000000000195,"","",729,0.35645604395604286,0.32028923862186104,0.33722871452420616,0.33574999999999877,"","",729,0.17239010989010942,0.15397703105061591,0.152635344621988,0.15662499999999913
